1.287815714751107635e+03 8.534432094807691271e+01 2.154534307121282097e+02 3.242356644281252898e+02 -1.447561447780966830e+02 -7.148374459433537709e+01 1.678827011125456181e+02 4.757073443871657048e+01 -6.556892826129445950e+01 1.582097582123887847e+01 1.990301782293746840e+02 -2.373584177141881568e+01 -7.659364726709176239e+02 -1.569938265958133741e+02 -8.193148512692944507e+01 -5.655551520185807135e+01 -1.850686247199200096e+01 0.000000000000000000e+00 -1.079334316478940536e+03 -4.938681202961035410e+01 -3.306883479336213583e+01 -1.876774618849383014e+00 -1.163666836767845552e+03 -2.999602846181796849e+02 1.173882728713632332e+03 -2.839488396785063742e+02 -1.601147844588448166e+01 -3.281082012945142878e+02 -1.176158256865436300e+02 -2.104924926039257969e+02 -2.966977276541881636e+01 0.000000000000000000e+00 -3.885537710843701120e+02 2.315291817637690208e+00 2.676672190772692375e+02 1.395404542578644396e+02 -1.293745139879443684e+02 -3.241636203659369130e+03 5.456237753637961374e-01 1.604961418345929815e+03 -1.563852121980022503e+01 4.568885898014280578e+00 -8.892178360246498769e+00 9.812104716518595637e+01 2.159131424081948580e+02 1.685603502721148317e+01 -1.226828385714828187e+02 -3.272339662627319901e-01 -4.363502036009020344e+02 -2.386268979516934152e+01 3.685388575248300072e+02 1.042652983550400730e-01 -9.008842052180779092e+01 -2.429009562038966408e+01 1.229685391606103053e+02 -3.993652787656716185e+01 3.207797723653285260e+01 -6.714425183322366308e+01 -1.077956675519244456e+00 -5.456241173368007180e-01 -4.071133132125338006e-01 -1.882090889770640842e+02 1.226828385714828187e+02 -6.640159907322761228e+02 -1.285531303687176433e+03 7.766893979489207140e+02 3.204987232324244815e+02 -1.604201587170962284e+03 -7.598228250823402252e-01 3.973182363465098632e+01 -2.039834281730910277e+02 -1.262102675206156164e+02 1.173882832383918640e+03
8.534432094807691271e+01 5.667126671701860019e+00 1.430075819071935683e+01 2.151139538928347150e+01 -9.603125609192700196e+00 -4.742716678652301177e+00 1.114509206795608698e+01 3.155666437645505251e+00 -4.349780464326653551e+00 1.046065639081486198e+00 1.319618372964693087e+01 -1.574314102200675469e+00 -5.082663986906594289e+01 -1.041700394027841448e+01 -5.440448911375574070e+00 -3.750332720270911580e+00 -1.226224712055353550e+00 0.000000000000000000e+00 -7.156967811722719830e+01 -3.276187450027426173e+00 -2.193094947599423250e+00 -1.244724261870206877e-01 -7.716343947120249425e+01 -1.989705500645981928e+01 7.783891282791782373e+01 -1.883526460889878607e+01 -1.061792617458059418e+00 -2.172867740677335746e+01 -7.798357203447194408e+00 -1.393032795249349221e+01 -1.967444999107571535e+00 0.000000000000000000e+00 -2.577507693151883927e+01 1.535700868619734316e-01 1.775070535834167629e+01 9.274277985959495041e+00 -8.598627498012779924e+00 -2.147832998399539406e+02 3.615370646868885235e-02 1.063617822623252493e+02 -1.038754654255233945e+00 3.031495948300172438e-01 -5.887143648257471273e-01 6.508087800643178156e+00 1.429022401982074086e+01 1.115560657850372284e+00 -8.120992623096329410e+00 -2.148313569910103443e-02 -2.894762319839905373e+01 -1.582400169912812959e+00 2.444900165291495142e+01 6.921889362062696310e-03 -5.978226147794820200e+00 -1.611157419939946767e+00 8.158454591137900280e+00 -2.637170100211066792e+00 2.118238291416944641e+00 -4.436571804946964015e+00 -7.142674310553735750e-02 -3.615372903024050011e-02 -2.679056125838525856e-02 -1.244849680359645738e+01 8.120992623096329410e+00 -4.407913447713171706e+01 -8.519274827125333616e+01 5.153923169483994116e+01 2.123964788118288638e+01 -1.063114277868690181e+02 -5.035392702205263721e-02 2.630677143751747327e+00 -1.349927068016352294e+01 -8.362578655745878109e+00 7.783891970642596903e+01
2.154534307121282097e+02 1.430075819071935683e+01 3.687157746382029444e+01 5.435506971273347432e+01 -2.423131597124550751e+01 -1.205459986931069061e+01 2.891420189523279660e+01 7.957377003437195562e+00 -1.097524026842767064e+01 3.056316861848849875e+00 3.358266701771727725e+01 -3.972273977548917756e+00 -1.281556547289493437e+02 -2.663557364438640462e+01 -1.382179615763695857e+01 -9.478325093808757984e+00 -3.335458255401321015e+00 0.000000000000000000e+00 -1.806182981243185566e+02 -8.291490137592397502e+00 -5.532091636622623376e+00 -3.225150995576047119e-01 -1.947644128205930087e+02 -5.023621486836007932e+01 1.964626973653932964e+02 -4.755789942028057027e+01 -2.678321183077613910e+00 -5.732703748659487530e+01 -1.964083579212007180e+01 -3.768622220313394422e+01 -4.837416579866078870e+00 0.000000000000000000e+00 -6.543101707207102891e+01 3.977720659186712582e-01 4.535932590289807109e+01 2.338626647746128739e+01 -2.168247402356426434e+01 -5.474026250650528027e+02 9.113907286635497540e-02 2.685079610111332613e+02 -2.703218050393955796e+00 7.729826646798585443e-01 -1.569411895555363312e+00 1.614118148269470510e+01 3.857166100735259562e+01 3.015254103438196775e+00 -2.210023438675999685e+01 1.451841145906927061e-02 -7.657237632555322193e+01 -4.098796755074324949e+00 6.463367286462765549e+01 1.890655604250349869e-02 -1.587678695733870171e+01 -4.054704952723522382e+00 2.108356483127989378e+01 -7.089731639153867171e+00 5.694642305087691980e+00 -1.190400282545353505e+01 -1.800581070659222627e-01 -9.113914221484668843e-02 -8.030085448111255741e-02 -3.328586854919410598e+01 2.210023438675999685e+01 -1.117848772434126090e+02 -2.150669442292027611e+02 1.303097618678012850e+02 5.361902153352573919e+01 -2.683808420568336714e+02 -1.271173661401405197e-01 7.007639597914343099e+00 -3.714568198097101259e+01 -2.194585334082535510e+01 1.964627142127461070e+02
3.242356644281252898e+02 2.151139538928347150e+01 5.435506971273347432e+01 8.174843132846272908e+01 -3.648448060758224187e+01 -1.801905206797674097e+01 4.237042300159784958e+01 1.198464803144658752e+01 -1.652017557017278904e+01 4.035723957612054491e+00 5.018036981188263468e+01 -5.980155170088032435e+00 -1.930221351868889315e+02 -3.962448046002764102e+01 -2.066618823303363328e+01 -1.426193764181152623e+01 -4.696363700458254797e+00 0.000000000000000000e+00 -2.719444102559244811e+02 -1.244922616664945103e+01 -8.331518826332647620e+00 -4.739732301781953705e-01 -2.931991537481810042e+02 -7.559348254999201799e+01 2.957682057971358631e+02 -7.155964259899393198e+01 -4.033848415588525249e+00 -8.296511076444802768e+01 -2.962566481950215191e+01 -5.333947553935261254e+01 -7.458591682292046166e+00 0.000000000000000000e+00 -9.794754987006126612e+01 5.846700448977628639e-01 6.750164473926946584e+01 3.518828002823295975e+01 -3.262471945565160780e+01 -8.168095749086313617e+02 1.373387250835964857e-01 4.040829498314088823e+02 -3.969898810849952664e+00 1.153689612142924092e+00 -2.250439354917301404e+00 2.468498923966036784e+01 5.470185385040933568e+01 4.270373041298216599e+00 -3.109459481218557286e+01 -7.350518655125361234e-02 -1.103899243853638268e+02 -6.025172796836758771e+00 9.322950193144015429e+01 2.645854283883568303e-02 -2.280108718941059465e+01 -6.118494599893682384e+00 3.104683028098354214e+01 -1.011899300552176229e+01 8.127817899402856483e+00 -1.700774404619198421e+01 -2.713320146259285415e-01 -1.373388131045050753e-01 -1.039225058342660712e-01 -4.764979942272784541e+01 3.109459481218557286e+01 -1.673838457684912271e+02 -3.236588275871402516e+02 1.957809987364429958e+02 8.069232604457495484e+01 -4.038916462403222454e+02 -1.913014522758738067e-01 1.005520161793707601e+01 -5.175849567914468707e+01 -3.190225635982368146e+01 2.957682318878983665e+02
-1.447561447780966830e+02 -9.603125609192700196e+00 -2.423131597124550751e+01 -3.648448060758224187e+01 1.628711719535507285e+01 8.040149064656455735e+00 -1.888060762600269982e+01 -5.350708903430734686e+00 7.375272474060746930e+00 -1.781312349448122223e+00 -2.238720243544472766e+01 2.669801757593959657e+00 8.617367841869923950e+01 1.765946344750600261e+01 9.219386381882529236e+00 6.359828282261456245e+00 2.080252861094618932e+00 0.000000000000000000e+00 1.214075037734139926e+02 5.556380317728983442e+00 3.719626928422158585e+00 2.111562430814394598e-01 1.308946784714966611e+02 3.374576321869380280e+01 -1.320422171803595290e+02 3.194482918633136137e+01 1.800937804554568977e+00 3.690345763717305516e+01 1.322669138659878563e+01 2.367677941171292488e+01 3.335773328806022064e+00 0.000000000000000000e+00 4.370687425537935411e+01 -2.604791443656085392e-01 -3.010617807829609305e+01 -1.570747490555018366e+01 1.456314462525042153e+01 3.644040284413479185e+02 -6.132065348480536526e-02 -1.804047641389711885e+02 1.763073526000120905e+00 -5.141814674726178369e-01 1.000169175132119337e+00 -1.103358054599346083e+01 -2.428664608093403388e+01 -1.896111498329249301e+00 1.380438472270703087e+01 3.606089065792981302e-02 4.911477965471791407e+01 2.684751361220463206e+00 -4.148151215333790276e+01 -1.174436907117722313e-02 1.014197818347544811e+01 2.732023529435206211e+00 -1.383707406778828286e+01 4.490794703909865682e+00 -3.607114035755906389e+00 7.551145273387846579e+00 1.211475952432079367e-01 6.132069214177401223e-02 4.577875025379148088e-02 2.117034905163254876e+01 -1.380438472270703087e+01 7.470106046202604944e+01 1.444990576226916232e+02 -8.737687843364936668e+01 -3.602547453515194320e+01 1.803193557484442522e+02 8.540744787094306512e-02 -4.469234329674622863e+00 2.295301443373909578e+01 1.419880632588333569e+01 -1.320422288495345526e+02
-7.148374459433537709e+01 -4.742716678652301177e+00 -1.205459986931069061e+01 -1.801905206797674097e+01 8.040149064656455735e+00 3.982295809753344074e+00 -9.411628994466202158e+00 -2.642971196252808408e+00 3.643755789583843274e+00 -9.139999434540628798e-01 -1.108627071844087197e+01 1.318834054520681143e+00 4.254644008560634205e+01 8.760985229596375490e+00 4.562198402858505197e+00 3.145607655772811651e+00 1.053181169321132593e+00 0.000000000000000000e+00 5.994072635486108425e+01 2.745439425151723345e+00 1.836820363214140883e+00 1.050687374057996670e-01 6.462806050053049489e+01 1.666358762286667172e+01 -6.519521439447782996e+01 1.577425114443735943e+01 8.893383527877348760e-01 1.846742438458930380e+01 6.538039636109597375e+00 1.192939133868036805e+01 1.639799180647514065e+00 0.000000000000000000e+00 2.162758424807875457e+01 -1.295873766171652675e-01 -1.492704686794161972e+01 -7.755337236210653629e+00 7.190335269931840578e+00 1.804111627935579918e+02 -3.027743670561724651e-02 -8.908731757253771377e+01 8.791331570787829230e-01 -2.547151578407421124e-01 5.018876261166986819e-01 -5.432946206948394696e+00 -1.222817055036299116e+01 -9.548847959723102408e-01 6.956764252687845485e+00 1.324553306438105808e-02 2.450891775097085912e+01 1.334644473828229927e+00 -2.069811459869089632e+01 -5.895078373551704103e-03 5.061957862227045801e+00 1.349145428895190513e+00 -6.868499178607166300e+00 2.256747602562671151e+00 -1.812673792982044452e+00 3.791983123597041594e+00 5.981734611271897345e-02 3.027745682602555125e-02 2.381195808699025640e-02 1.061806836855654801e+01 -6.956764252687845485e+00 3.695847092389656297e+01 7.135638874917346186e+01 -4.318557109757297496e+01 -1.779006735473541312e+01 8.904514125903739341e+01 4.217582799708930602e-02 -2.241567738778998731e+00 1.160062800441378172e+01 7.086554581686589138e+00 -6.519522012038416392e+01
1.678827011125456181e+02 1.114509206795608698e+01 2.891420189523279660e+01 4.237042300159784958e+01 -1.888060762600269982e+01 -9.411628994466202158e+00 2.271670017028093014e+01 6.197503002331580468e+00 -8.549433506709432251e+00 2.484050104011171101e+00 2.622521735301948809e+01 -3.094268541219426627e+00 -9.983232468790572511e+01 -2.083703966573683530e+01 -1.079426598623605038e+01 -7.386815964551908920e+00 -2.655962228434774364e+00 0.000000000000000000e+00 -1.407228376677987853e+02 -6.466412206841083865e+00 -4.309204549566769238e+00 -2.533187197054895812e-01 -1.517517873361989587e+02 -3.914819785260520035e+01 1.530712383896940025e+02 -3.706199601339537253e+01 -2.086206337180056547e+00 -4.524126193664398699e+01 -1.528196635289149441e+01 -2.995931178527104422e+01 -3.733486245756563626e+00 0.000000000000000000e+00 -5.106866704540227886e+01 3.123930732600951332e-01 3.547122175304367886e+01 1.822682181177722427e+01 -1.689890903488086593e+01 -4.277785079852412196e+02 7.097597916006420649e-02 2.092220680514397486e+02 -2.125523321774546837e+00 6.041787264909768140e-01 -1.242336675873211727e+00 1.249732996639217575e+01 3.064376835686493905e+01 2.396320602159992763e+00 -1.760502652937379153e+01 2.988423697879432489e-02 -6.058632669512475388e+01 -3.219690651928960534e+00 5.112922781259084104e+01 1.512060098884876469e-02 -1.258274914447236981e+01 -3.155446088202074062e+00 1.655855754095634680e+01 -5.623333271249700616e+00 4.516795950556043771e+00 -9.438593148627717255e+00 -1.402230738513521036e-01 -7.097603617312737978e-02 -6.545816653232117144e-02 -2.637505401837313102e+01 1.760502652937379153e+01 -8.723537013351426594e+01 -1.675806153999560877e+02 1.015921158251609882e+02 4.178007467876363989e+01 -2.091230166056613200e+02 -9.905016488170373390e-02 5.546743137138244961e+00 -2.968666724154927294e+01 -1.730085427849200741e+01 1.530712513780884194e+02
4.757073443871657048e+01 3.155666437645505251e+00 7.957377003437195562e+00 1.198464803144658752e+01 -5.350708903430734686e+00 -2.642971196252808408e+00 6.197503002331580468e+00 1.759874158580669645e+00 -2.425806964479407135e+00 5.722677484618263755e-01 7.357450718909378296e+00 -8.780055271381592696e-01 -2.832333287221852558e+01 -5.798534803749056721e+00 -3.027530517460391479e+00 -2.091509297757987440e+00 -6.794963375038258757e-01 0.000000000000000000e+00 -3.989546453746911681e+01 -1.825078149474183453e+00 -1.222887202431340636e+00 -6.919639905462510177e-02 -4.301262991866875041e+01 -1.108801818289231989e+01 4.339146341980324451e+01 -1.049590451871025465e+01 -5.921149012121488253e-01 -1.208577983464769368e+01 -4.358869230723376731e+00 -7.726914911065899894e+00 -1.103930013946340161e+00 0.000000000000000000e+00 -1.436235209915606070e+01 8.537901685267197671e-02 9.888106019373031685e+00 5.159445241582568897e+00 -4.783565522560545347e+00 -1.196241380731678134e+02 2.016309240301082314e-02 5.928589899475082348e+01 -5.776948689539758153e-01 1.688039622036153764e-01 -3.270753653487787349e-01 3.643850823771794811e+00 7.927897154716991857e+00 6.189338707183288379e-01 -4.495211369375271993e+00 -1.536561080241979731e-02 -1.598606089563622845e+01 -8.791063291725036422e-01 1.350445424418363949e+01 3.785960484531412928e-03 -3.294040889610645451e+00 -8.992588883542002032e-01 4.525009421719584424e+00 -1.466398818828506423e+00 1.177846716723841114e+00 -2.465410699333462574e+00 -3.983503063984764059e-02 -2.016310473848972537e-02 -1.484267541049809173e-02 -6.910818577607572344e+00 4.495211369375271993e+00 -2.454950990862227300e+01 -4.748633365636985815e+01 2.871764913488923554e+01 1.183894805994004251e+01 -5.925783148337337991e+01 -2.806720411559865749e-02 1.460897193371545111e+00 -7.459021614879875806e+00 -4.645001068092922125e+00 4.339146727875992582e+01
-6.556892826129445950e+01 -4.349780464326653551e+00 -1.097524026842767064e+01 -1.652017557017278904e+01 7.375272474060746930e+00 3.643755789583843274e+00 -8.549433506709432251e+00 -2.425806964479407135e+00 3.352658578801706479e+00 -7.951875106209893573e-01 -1.014782609986336048e+01 1.209771836336156703e+00 3.903937327982578864e+01 7.995690472680067273e+00 4.174218839010712223e+00 2.882786267041017592e+00 9.386872379172176428e-01 0.000000000000000000e+00 5.499023713290318938e+01 2.515910475116178269e+00 1.685534012546250793e+00 9.543365611890890221e-02 5.928712027961054787e+01 1.528367891830975189e+01 -5.980932584915247219e+01 1.446754457052408505e+01 8.161360523895941910e-01 1.670048227457942147e+01 6.016186983073085415e+00 1.068430124114731328e+01 1.522576874877542785e+00 0.000000000000000000e+00 1.979832255359902149e+01 -1.177890951010176629e-01 -1.363216456397127097e+01 -7.111267748666888266e+00 6.593192057993290334e+00 1.649498497825931338e+02 -2.780787940978353412e-02 -8.171637878047432935e+01 7.971985572290510857e-01 -2.327685140296106847e-01 4.520149000571218045e-01 -5.026691653088596112e+00 -1.096203391731612697e+01 -8.572589993668534580e-01 6.225341335683347133e+00 1.996176358052348040e-02 2.214152910707557709e+01 1.216950229515985082e+00 -1.870689383466014988e+01 -5.254755265410706276e-03 4.561588929660836733e+00 1.243624113374299345e+00 -6.258501246888475755e+00 2.036860129133784891e+00 -1.636054931306606619e+00 3.416361958352413186e+00 5.493838490637747290e-02 2.780789634924499612e-02 2.008978852294274198e-02 9.539327365622623844e+00 -6.225341335683347133e+00 3.384398902783311058e+01 6.545254567874501106e+01 -3.958628052727410562e+01 -1.631814611575690677e+01 8.167769207265369857e+01 3.868626996308701521e-02 -2.019377666895061374e+00 1.032950007879121834e+01 6.415473485224447714e+00 -5.980933120049120078e+01
1.582097582123887847e+01 1.046065639081486198e+00 3.056316861848849875e+00 4.035723957612054491e+00 -1.781312349448122223e+00 -9.139999434540628798e-01 2.484050104011171101e+00 5.722677484618263755e-01 -7.951875106209893573e-01 7.487645361253871812e-01 2.661366909651649237e+00 -2.859387928134365930e-01 -9.317021577435196988e+00 -2.099169510836985886e+00 -1.049773940174730580e+00 -6.671817376131733424e-01 -3.822138681448200570e-01 0.000000000000000000e+00 -1.327559988380291145e+01 -6.309169129929673714e-01 -4.009808928872807265e-01 -3.042320326028351632e-02 -1.433792346089385283e+01 -3.713020948082266681e+00 1.444369152421641722e+01 -3.519108292173809716e+00 -1.939131888137878013e-01 -6.088332309018077204e+00 -1.131742156816966105e+00 -4.956592429781805365e+00 -1.162143437342629815e-01 0.000000000000000000e+00 -5.112367947389407696e+00 3.806367709165678348e-02 3.774813232530242590e+00 1.743891650091029311e+00 -1.616805714409897510e+00 -4.541470851475969539e+01 6.171457503184881767e-03 1.971517150197825785e+01 -2.474173270876417752e-01 6.151543392042409242e-02 -1.823507338017748003e-01 6.336415755776764192e-01 5.016995692816191621e+00 4.078640837402475183e-01 -3.395761833101196281e+00 1.274441531646403059e-01 -1.166165414647742615e+01 -4.432271694743216695e-01 9.736088942137968161e+00 4.143657339276973078e-03 -2.659043576012470211e+00 -2.695734380316881507e-01 2.470408743182757050e+00 -8.707691869363578530e-01 6.994223864384965239e-01 -1.491459256200540873e+00 -1.219260728942713097e-02 -6.171475635899219617e-03 -5.876844824252123144e-03 -4.294870166686967750e+00 3.395761833101196281e+00 -8.383504592682653467e+00 -1.579021765804058219e+01 9.611738707248374425e+00 3.936973393844223068e+00 -1.970583775721669895e+01 -9.333572029022673203e-03 8.624016629358229880e-01 -6.236423846046872832e+00 -2.498514009076812759e+00 1.444369180039414857e+01
1.990301782293746840e+02 1.319618372964693087e+01 3.358266701771727725e+01 5.018036981188263468e+01 -2.238720243544472766e+01 -1.108627071844087197e+01 2.622521735301948809e+01 7.357450718909378296e+00 -1.014782609986336048e+01 2.661366909651649237e+00 3.099834902047916785e+01 -3.666777491139166401e+00 -1.184404445256645602e+02 -2.441076277452472354e+01 -1.270201132608847239e+01 -8.753713965487859738e+00 -2.955043031740461679e+00 0.000000000000000000e+00 -1.669005005752680120e+02 -7.651538514721722528e+00 -5.114433207474525567e+00 -2.943308970320900331e-01 -1.799608193637723730e+02 -4.640903877545697753e+01 1.815411882642798673e+02 -4.393272956033575838e+01 -2.476314488217123522e+00 -5.221154209232421550e+01 -1.828299446638727943e+01 -3.392856628863127355e+01 -4.557901163564291203e+00 0.000000000000000000e+00 -6.030242795122065047e+01 3.634646993581699403e-01 4.168706623779257825e+01 2.159016968178579532e+01 -2.001725317315933950e+01 -5.038603573690004964e+02 8.434722151841986260e-02 2.480424681283533062e+02 -2.457827913973020362e+00 7.103644527622798854e-01 -1.421528950533167190e+00 1.512942569121142178e+01 3.476472427203658810e+01 2.731816561216626305e+00 -1.990767361371631949e+01 -3.181033277764928890e-02 -6.861444629602370071e+01 -3.739238205324620257e+00 5.796186143906073340e+01 1.645852658808854077e-02 -1.412139299932187342e+01 -3.757243877279159872e+00 1.914518027610979445e+01 -6.449941675872274516e+00 5.180747771307122385e+00 -1.081919057307285570e+01 -1.666398387390911062e-01 -8.434728124352852685e-02 -7.323782805454141787e-02 -3.020829653149949223e+01 1.990767361371631949e+01 -1.028672933589452043e+02 -1.986750007257959112e+02 1.202502684184745618e+02 4.953221594838377229e+01 -2.479250381292032159e+02 -1.174285711216626615e-01 6.361264980790327428e+00 -3.325660323279974762e+01 -1.999186893009197874e+01 1.815412041490976378e+02
-2.373584177141881568e+01 -1.574314102200675469e+00 -3.972273977548917756e+00 -5.980155170088032435e+00 2.669801757593959657e+00 1.318834054520681143e+00 -3.094268541219426627e+00 -8.780055271381592696e-01 1.209771836336156703e+00 -2.859387928134365930e-01 -3.666777491139166401e+00 4.464333995974872904e-01 1.413110780950969847e+01 2.894304846698472655e+00 1.510737187701437056e+00 1.043492901205759882e+00 3.400754241390026023e-01 0.000000000000000000e+00 1.990646579370327274e+01 9.108303649786526623e-01 6.101538273865552142e-01 3.458039804661775657e-02 2.146203220796600775e+01 5.532773833443282996e+00 -2.165099775258193304e+01 5.237344801222770130e+00 2.954296512632759164e-01 6.032424599984835822e+00 2.159876181700722597e+00 3.872550571970167610e+00 5.556070199394680387e-01 0.000000000000000000e+00 7.170154382406681570e+00 -4.267776496346081111e-02 -4.937818876844752403e+00 -2.574751393033225089e+00 2.387173796772072087e+00 5.971317933076514350e+01 -1.005326351518854439e-02 -2.958122637089898532e+01 2.885779677037528801e-01 -8.425816973461731918e-02 1.636263070636100603e-01 -1.803043878215599083e+00 -3.971023044674562019e+00 -3.053137881620495153e-01 2.249667987472259600e+00 7.624374805705197607e-03 8.032670938009914607e+00 4.408342919976015462e-01 -6.774536549032375454e+00 -1.927822201067846226e-03 1.672138016690931206e+00 4.500379970326532364e-01 -2.277328954715353238e+00 7.329453945725068476e-01 -5.887193238834822484e-01 1.233780281832652648e+00 1.986163926839158711e-02 1.005326991065715395e-02 4.085104702477157165e-03 3.465199525710761730e+00 -2.249667987472259600e+00 1.224904259192937239e+01 2.369371327099473490e+01 -1.432916008225361892e+01 -5.907148409563167668e+00 2.956722183885678490e+01 1.400438092231792025e-02 -7.313090376860543751e-01 3.733208662287287094e+00 2.321699173488009471e+00 -2.165099966132979503e+01
-7.659364726709176239e+02 -5.082663986906594289e+01 -1.281556547289493437e+02 -1.930221351868889315e+02 8.617367841869923950e+01 4.254644008560634205e+01 -9.983232468790572511e+01 -2.832333287221852558e+01 3.903937327982578864e+01 -9.317021577435196988e+00 -1.184404445256645602e+02 1.413110780950969847e+01 4.564209422421504314e+02 9.345004974687965671e+01 4.880096340033191638e+01 3.367842855002806601e+01 1.097067947585247616e+01 0.000000000000000000e+00 6.422701260928996589e+02 2.939054298362112760e+01 1.968271984823329035e+01 1.115442078934145043e+00 6.924588904950383039e+02 1.785285869829580179e+02 -6.985356050895455837e+02 1.689987861331683803e+02 9.529820806235893116e+00 1.947508285756339887e+02 7.003784199633891205e+01 1.247130560235128200e+02 1.769609169096574064e+01 0.000000000000000000e+00 2.312510638796140938e+02 -1.376220298503783690e+00 -1.592306322087177932e+02 -8.315231913914837492e+01 7.709447124078870672e+01 1.926495354073958424e+03 -3.245166746918417000e-01 -9.545613991967941274e+02 9.313465184409846387e+00 -2.719964378875549205e+00 5.274051928872714790e+00 -5.849025233428742609e+01 -1.279453621478377272e+02 -9.987391047508426212e+00 7.265293347373365407e+01 2.118417448310163931e-01 2.589198115340420827e+02 1.418186456217032188e+01 -2.186943145476049324e+02 -6.171632193024465668e-02 5.343698032835496292e+01 1.446470530356389794e+01 -7.308769459285173298e+01 2.364487565329666197e+01 -1.899213140432627611e+01 3.976714108600272368e+01 6.411284349995095555e-01 3.245168768660608438e-01 2.393528461420919573e-01 1.115333223028515306e+02 -7.265293347373365407e+01 3.953160656974962990e+02 7.645765095404003659e+02 -4.628082474836971301e+02 -1.906187319820500079e+02 9.541094845653717584e+02 4.519096499690645752e-01 -2.356613840536072502e+01 1.206909385970430577e+02 7.494731577595645433e+01 -6.985356670885880703e+02
-1.569938265958133741e+02 -1.041700394027841448e+01 -2.663557364438640462e+01 -3.962448046002764102e+01 1.765946344750600261e+01 8.760985229596375490e+00 -2.083703966573683530e+01 -5.798534803749056721e+00 7.995690472680067273e+00 -2.099169510836985886e+00 -2.441076277452472354e+01 2.894304846698472655e+00 9.345004974687965671e+01 1.946720559590915656e+01 1.008351666263388147e+01 6.963640802536426477e+00 2.420052479186083350e+00 0.000000000000000000e+00 1.315622661800534843e+02 6.034674182143964671e+00 4.030579062594995321e+00 2.329545302969649456e-01 1.418604864832729504e+02 3.659162369539922111e+01 -1.430991057818589809e+02 3.464027903835112454e+01 1.951348796721926071e+00 4.122701961144719007e+01 1.435344492121748772e+01 2.687358941446486682e+01 3.573574655440397319e+00 0.000000000000000000e+00 4.757550564978087948e+01 -2.873152006359141475e-01 -3.290865108867357947e+01 -1.704990114007986790e+01 1.580775851077031291e+01 3.974027973772489304e+02 -6.650499621030057928e-02 -1.956524978933454406e+02 1.972494577509433133e+00 -5.631900051459358680e-01 1.124593481277992746e+00 -1.186659938026443406e+01 -2.751870218672776502e+01 -2.146192053617383522e+00 1.562206313699368998e+01 1.531670266771328198e-02 5.450728261017594889e+01 2.952122772472491885e+00 -4.602543167648065747e+01 -1.322044906322715485e-02 1.126550367140613318e+01 2.958787466938867627e+00 -1.517148928330254698e+01 5.103353256687262807e+00 -4.099135663218096859e+00 8.550723804183565591e+00 1.313900042883064667e-01 6.650504321460493085e-02 5.522465020768392574e-02 2.383072137553961412e+01 -1.562206313699368998e+01 8.126931685435123143e+01 1.567122353289490206e+02 -9.506216051173805681e+01 -3.907033264584756438e+01 1.955598707270064551e+02 9.262604542324066881e-02 -5.018995747647410965e+00 2.618143508671087361e+01 1.576836686776406360e+01 -1.430991182505213715e+02
-8.193148512692944507e+01 -5.440448911375574070e+00 -1.382179615763695857e+01 -2.066618823303363328e+01 9.219386381882529236e+00 4.562198402858505197e+00 -1.079426598623605038e+01 -3.027530517460391479e+00 4.174218839010712223e+00 -1.049773940174730580e+00 -1.270201132608847239e+01 1.510737187701437056e+00 4.880096340033191638e+01 1.008351666263388147e+01 5.259552195133138319e+00 3.604549693091120055e+00 1.219417055707342046e+00 0.000000000000000000e+00 6.867732914573434755e+01 3.147191305537928141e+00 2.104232297653598760e+00 1.204848049620811934e-01 7.404924381074434336e+01 1.909861345357008133e+01 -7.469614816054350115e+01 1.807987288951812843e+01 1.018742704969080703e+00 2.116522611896303374e+01 7.486259588004986476e+00 1.367897408807876047e+01 1.876228005834688517e+00 0.000000000000000000e+00 2.478278054860595248e+01 -1.486532287245135309e-01 -1.710224971139433592e+01 -8.905044199335469202e+00 8.256287621790669107e+00 2.067329207037636536e+02 -3.471181713223168291e-02 -1.021074367577434572e+02 1.011849115841138680e+00 -2.926778056954292828e-01 5.753853466145383289e-01 -6.219228697903843361e+00 -1.402087632581159760e+01 -1.094485282868575382e+00 7.976882804994392728e+00 1.404830123036508727e-02 2.812871479695062504e+01 1.530243906198686110e+00 -2.375477912082185838e+01 -6.776807952872197088e-03 5.811189394963197863e+00 1.545368381500216604e+00 -7.875996469717163606e+00 2.584715633044308181e+00 -2.076105581792359711e+00 4.343669448180518700e+00 6.857808931504713601e-02 3.471183998626443945e-02 2.729856310468669472e-02 1.216556612701305617e+01 -7.976882804994392728e+00 4.238019175988400633e+01 8.178514823546014156e+01 -4.956355873035849413e+01 -2.039008708512398016e+01 1.020590963884544209e+02 4.833982788696301880e-02 -2.568956809057982404e+00 1.330411983568498435e+01 8.125222789966457526e+00 -7.469615469847659028e+01
-5.655551520185807135e+01 -3.750332720270911580e+00 -9.478325093808757984e+00 -1.426193764181152623e+01 6.359828282261456245e+00 3.145607655772811651e+00 -7.386815964551908920e+00 -2.091509297757987440e+00 2.882786267041017592e+00 -6.671817376131733424e-01 -8.753713965487859738e+00 1.043492901205759882e+00 3.367842855002806601e+01 6.963640802536426477e+00 3.604549693091120055e+00 2.528293795673475675e+00 8.307989381553385622e-01 0.000000000000000000e+00 4.739843746350909726e+01 2.169086745593029608e+00 1.453149700036039160e+00 8.239866740748326424e-02 5.110307693481834690e+01 1.317624524321015400e+01 -5.155347294171328087e+01 1.247266542654195298e+01 7.035812877717768643e-01 1.442150070096875325e+01 5.203566331348091545e+00 9.217939501484860187e+00 1.323110982662622170e+00 0.000000000000000000e+00 1.707536501089408176e+01 -1.016042921750846262e-01 -1.176130496847575024e+01 -6.132905145351150722e+00 5.686108790634790466e+00 1.421695004243454719e+02 -2.400461846218336290e-02 -7.048268566545320368e+01 6.983076483529898626e-01 -2.013300576272363251e-01 3.902022000173507310e-01 -4.354134103866659444e+00 -9.453875953821411215e+00 -7.362345446137913418e-01 5.300396591302824589e+00 2.381017872208106984e-02 1.874565106947640203e+01 1.039901248566838854e+00 -1.584043204321455711e+01 -4.375783268880282031e-03 3.848774722067152432e+00 1.069914176418102381e+00 -5.336557308200993610e+00 1.764915908594652416e+00 -1.417622809371202663e+00 2.955467841417516617e+00 4.742450711685936016e-02 2.400463306393472301e-02 1.763488239418895334e-02 8.231131772910490696e+00 -5.300396591302824589e+00 2.919177032907254699e+01 5.645485162720102323e+01 -3.421364191090377460e+01 -1.407486212464962172e+01 7.044931728102106661e+01 3.336800136528694088e-02 -1.740977310340718009e+00 8.809752893896318326e+00 5.516241339508433761e+00 -5.155347757908712936e+01
-1.850686247199200096e+01 -1.226224712055353550e+00 -3.335458255401321015e+00 -4.696363700458254797e+00 2.080252861094618932e+00 1.053181169321132593e+00 -2.655962228434774364e+00 -6.794963375038258757e-01 9.386872379172176428e-01 -3.822138681448200570e-01 -2.955043031740461679e+00 3.400754241390026023e-01 1.097067947585247616e+01 2.420052479186083350e+00 1.219417055707342046e+00 8.307989381553385622e-01 3.698369280937112702e-01 0.000000000000000000e+00 1.548652991641598753e+01 7.183975040232217779e-01 4.731979996490918716e-01 3.007110590580229850e-02 1.670819843904141067e+01 4.316773423014879540e+00 -1.684951768790936555e+01 4.087748693764783781e+00 2.290252569016978101e-01 5.640301221371728957e+00 1.663622747220514730e+00 3.976680509405015052e+00 3.742367370189901288e-01 0.000000000000000000e+00 5.717370771517144235e+00 -3.705773903473447151e-02 -4.045103598683347457e+00 -2.011955705032018038e+00 1.865365723185882896e+00 4.850046395065752591e+01 -7.788578547735140224e-03 -2.306242058659282534e+01 2.623382258307895287e-01 -6.918226726866638643e-02 1.590061504291724881e-01 -1.293239924764770787e+00 -4.043954745577832632e+00 -3.154726022503739902e-01 2.344785997987514303e+00 -2.254165552309945336e-02 7.632924310624038533e+00 3.819782649583526313e-01 -6.430227124029589625e+00 -2.067858010016221468e-03 1.605540589050508560e+00 3.435056323166736370e-01 -1.958938053447060401e+00 7.537228417039479877e-01 -6.054081770119176253e-01 1.251588233451327303e+00 1.538744328338386737e-02 7.788588096262276730e-03 1.029122844054365486e-02 3.434027504577127576e+00 -2.344785997987514303e+00 9.697373351974443167e+00 1.847227160853254446e+01 -1.128498179402582835e+01 -4.605392445481042429e+00 2.305150215261200231e+01 1.091823753017016375e-02 -7.090625513737310870e-01 4.067565630331433368e+00 2.126905712696085970e+00 -1.684951898127141590e+01
0.000000000000000000e+00 0.000000000000000000e+00 0.000000000000000000e+00 0.000000000000000000e+00 0.000000000000000000e+00 0.000000000000000000e+00 0.000000000000000000e+00 0.000000000000000000e+00 0.000000000000000000e+00 0.000000000000000000e+00 0.000000000000000000e+00 0.000000000000000000e+00 0.000000000000000000e+00 0.000000000000000000e+00 0.000000000000000000e+00 0.000000000000000000e+00 0.000000000000000000e+00 0.000000000000000000e+00 0.000000000000000000e+00 0.000000000000000000e+00 0.000000000000000000e+00 0.000000000000000000e+00 0.000000000000000000e+00 0.000000000000000000e+00 0.000000000000000000e+00 0.000000000000000000e+00 0.000000000000000000e+00 0.000000000000000000e+00 0.000000000000000000e+00 0.000000000000000000e+00 0.000000000000000000e+00 0.000000000000000000e+00 0.000000000000000000e+00 0.000000000000000000e+00 0.000000000000000000e+00 0.000000000000000000e+00 0.000000000000000000e+00 0.000000000000000000e+00 0.000000000000000000e+00 0.000000000000000000e+00 0.000000000000000000e+00 0.000000000000000000e+00 0.000000000000000000e+00 0.000000000000000000e+00 0.000000000000000000e+00 0.000000000000000000e+00 0.000000000000000000e+00 0.000000000000000000e+00 0.000000000000000000e+00 0.000000000000000000e+00 0.000000000000000000e+00 0.000000000000000000e+00 0.000000000000000000e+00 0.000000000000000000e+00 0.000000000000000000e+00 0.000000000000000000e+00 0.000000000000000000e+00 0.000000000000000000e+00 0.000000000000000000e+00 0.000000000000000000e+00 0.000000000000000000e+00 0.000000000000000000e+00 0.000000000000000000e+00 0.000000000000000000e+00 0.000000000000000000e+00 0.000000000000000000e+00 0.000000000000000000e+00 0.000000000000000000e+00 0.000000000000000000e+00 0.000000000000000000e+00 0.000000000000000000e+00 0.000000000000000000e+00 0.000000000000000000e+00
-1.079334316478940536e+03 -7.156967811722719830e+01 -1.806182981243185566e+02 -2.719444102559244811e+02 1.214075037734139926e+02 5.994072635486108425e+01 -1.407228376677987853e+02 -3.989546453746911681e+01 5.499023713290318938e+01 -1.327559988380291145e+01 -1.669005005752680120e+02 1.990646579370327274e+01 6.422701260928996589e+02 1.315622661800534843e+02 6.867732914573434755e+01 4.739843746350909726e+01 1.548652991641598753e+01 0.000000000000000000e+00 9.053055587020644452e+02 4.141974648520223212e+01 2.773524470680182574e+01 1.573551263948661516e+00 9.760341840714012278e+02 2.515796233128951371e+02 -9.846033032707572374e+02 2.381505208745847995e+02 1.342913053729323281e+01 2.750671289257448962e+02 9.861176747587880698e+01 1.764554595348753026e+02 2.487163577297175721e+01 0.000000000000000000e+00 3.258409170742343690e+02 -1.941238313944484650e+00 -2.244524123781594085e+02 -1.170067207453191571e+02 1.084824198266887834e+02 2.717088055607368005e+03 -4.571866803963446912e-01 -1.345140704389031043e+03 1.312589546554272424e+01 -3.830329538279872992e+00 7.454570521008446526e+00 -8.226591671492280966e+01 -1.810046103918287770e+02 -1.413217980306760957e+01 1.028979736040556077e+02 2.689021673443984795e-01 3.661932250451879440e+02 2.001623213808988666e+01 -3.092786698460774915e+02 -8.757105619688083931e-02 7.562178837005210141e+01 2.036998606293771985e+01 -1.031714826950517647e+02 3.347035803229177020e+01 -2.688419449624486290e+01 5.628231296160210917e+01 9.032367296545459334e-01 4.571869672515928573e-01 3.409723809200697064e-01 1.578056181383751380e+02 -1.028979736040556077e+02 5.568033938426688110e+02 1.077419178411236999e+03 -6.511837327378702867e+02 -2.686144810265016076e+02 1.344503879220361569e+03 6.368181810909661067e-01 -3.331168839646905866e+01 1.710823410616312970e+02 1.058380927334461177e+02 -9.846033901765802057e+02
-4.938681202961035410e+01 -3.276187450027426173e+00 -8.291490137592397502e+00 -1.244922616664945103e+01 5.556380317728983442e+00 2.745439425151723345e+00 -6.466412206841083865e+00 -1.825078149474183453e+00 2.515910475116178269e+00 -6.309169129929673714e-01 -7.651538514721722528e+00 9.108303649786526623e-01 2.939054298362112760e+01 6.034674182143964671e+00 3.147191305537928141e+00 2.169086745593029608e+00 7.183975040232217779e-01 0.000000000000000000e+00 4.141974648520223212e+01 1.897269341769587392e+00 1.268869220895957772e+00 7.247708784306143570e-02 4.465836595263551345e+01 1.151501253870650565e+01 -4.504894821929784143e+01 1.090068097635765199e+01 6.143328525333189294e-01 1.271700267817265129e+01 4.508643638018614119e+00 8.208363577375511255e+00 1.130509629338949384e+00 0.000000000000000000e+00 1.493028606618635479e+01 -8.940685662949998669e-02 -1.029809818295690782e+01 -5.360477026790207766e+00 4.969950518657989313e+00 1.246163886920574271e+02 -2.090938555364557985e-02 -6.154900688153472288e+01 6.042589321048308371e-01 -1.756831361144402803e-01 3.455185376847234591e-01 -3.747460574048578241e+00 -8.415568989564924607e+00 -6.574986376970073376e-01 4.797885103398650486e+00 8.294870963442132691e-03 1.695859929495287233e+01 9.217119540570487546e-01 -1.432031461561920693e+01 -4.091361075853820577e-03 3.506509173611624508e+00 9.313122560667177474e-01 -4.749659474525244285e+00 1.558465859598530567e+00 -1.251797151135820352e+00 2.618601527260643991e+00 4.130943947648512554e-02 2.090939930984795497e-02 1.628763130704289144e-02 7.332309006133864493e+00 -4.797885103398650486e+00 2.550111122654145746e+01 4.929897165529679626e+01 -2.981170598379730663e+01 -1.229087376697802902e+01 6.151986794929104718e+01 2.913860657663271472e-02 -1.543989747345914099e+00 7.999683773046008639e+00 4.889100499266643141e+00 -4.504895215580596357e+01
-3.306883479336213583e+01 -2.193094947599423250e+00 -5.532091636622623376e+00 -8.331518826332647620e+00 3.719626928422158585e+00 1.836820363214140883e+00 -4.309204549566769238e+00 -1.222887202431340636e+00 1.685534012546250793e+00 -4.009808928872807265e-01 -5.114433207474525567e+00 6.101538273865552142e-01 1.968271984823329035e+01 4.030579062594995321e+00 2.104232297653598760e+00 1.453149700036039160e+00 4.731979996490918716e-01 0.000000000000000000e+00 2.773524470680182574e+01 1.268869220895957772e+00 8.500857255162632686e-01 4.816393718360904158e-02 2.990236612049761078e+01 7.708180033439910872e+00 -3.016552611432462072e+01 7.296583378932397501e+00 4.115975148041302600e-01 8.413481019561404040e+00 3.027537051670270429e+00 5.385946966426415905e+00 7.657630718782075796e-01 0.000000000000000000e+00 9.982940700402719969e+00 -5.940117494427678280e-02 -6.874479953705930235e+00 -3.585352539042481190e+00 3.324149125790806014e+00 8.319430082533546056e+01 -1.401349258398794026e-02 -4.121264072364628817e+01 4.018811782299876456e-01 -1.173565897192930391e-01 2.278140850650804683e-01 -2.528990499619914623e+00 -5.525500595054700703e+00 -4.314043775243828205e-01 3.135421222753310033e+00 9.982431883802617839e-03 1.114233477003288364e+01 6.117039951273754994e-01 -9.411993258857327405e+00 -2.645924395710218084e-03 2.297268910601572234e+00 6.247159205048296027e-01 -3.149479509208887862e+00 1.022473976631684378e+00 -8.212756295344132429e-01 1.718901969845612943e+00 2.768562966723044083e-02 1.401350124590163351e-02 1.038883835547174152e-02 4.817546206946017762e+00 -3.135421222753310033e+00 1.706178624428215684e+01 3.301015732606972364e+01 -1.995619655569820594e+01 -8.229854347802096015e+00 4.119312956997601560e+01 1.951093960945814165e-02 -1.017622703498433090e+00 5.206294940144653438e+00 3.234190049720806037e+00 -3.016552878928792225e+01
