5.614346318797154289e+00 -7.829656753965260618e-01 7.193939058115819130e-01 1.928253860487220417e-01 -1.030331922410134549e-01 -4.582850888412446366e-01 3.555765639042542947e-01 1.265289365117801434e+00 5.115288169792560957e+00 -3.427278738234674105e+00 3.004402034559880086e+00 1.619349247172678474e+00 -1.461035271540049862e+00 -2.125344882320287176e+00 -6.021417477393790074e-01 1.303559744495894762e-02 1.848650322745710728e+00 -1.515563908892385347e+00 -1.675593073960696122e+00 1.539703669401045749e+00 -3.821208246831729327e-01 2.755247689223199181e-01 6.665074774790756829e-01 0.000000000000000000e+00 -1.356729372118402333e-01 -2.388007693960009004e+00 2.429013970168143466e+00 2.766403522363144241e+00 2.214769340049656809e-01 -1.484177369152699155e+00 -7.669288127713317360e-01 -2.252136122298498688e-01 -5.116035754756422804e+00 3.404145370463834031e+00 2.876619907532789622e+00 1.559608315755049102e+00 -4.169586049783993609e+00 4.676345285747570690e-01 -1.164727405765857204e+00 -2.193204991088222755e+00 -6.125522122593851648e+00 6.175752185300059649e-01 -3.039696643436651247e+00 -1.026355338008627660e+00 3.823120529389470446e-01 1.461467777720499572e-01 -1.361833842428636643e-01 1.119084330408806727e+00 -8.987616048536553048e-01 -1.541567506163923351e-01 3.040273149181106985e-02 8.225091718798224760e-02 -1.121688457898252889e+00 1.942058536126094248e+00 -3.964292272573365916e-01 2.163567219818645526e+00
-7.829656753965260618e-01 3.090088873601455344e+00 -2.502153577688398300e+00 -1.539548025121796559e+00 -1.146807069668132284e+00 -5.877659058559465965e-02 6.072336026999659853e-02 -2.229952135889813059e-01 -1.625864916246559932e+00 1.151458620067820737e+00 -2.515443410187173434e+00 -1.643351207547751880e+00 1.440000868785511035e+00 1.756431031462643011e+00 6.312219088213946172e-01 -7.239571087418138901e-03 -8.732658675501783208e-01 7.353301433348428118e-01 7.697800690362280873e-01 -4.272917580056828646e-01 -1.325074853546808762e-01 1.969724618254543036e-01 -8.723924662135293939e-01 0.000000000000000000e+00 2.949904306580553720e-02 -1.629476502774384605e-01 2.051577412827349511e-01 -9.028916007658537302e-01 -3.355319527763218207e-02 3.927251084469229325e-01 -1.214938807949334176e+00 -1.211035901188233010e+00 8.050663593763605075e-01 6.062890248777632607e-01 -9.756643808107311466e-01 2.259243742238270958e+00 1.531639567571013938e+00 -1.341958692481594884e-01 5.835235729818291084e-01 7.980250186731736584e-01 9.250079715218949561e-01 1.148728407191579537e+00 6.514429945476551964e-01 2.848149222481807241e-01 1.303552179301510905e-01 -1.035921305595971925e-01 -5.129183539991142293e-01 1.188080824638238636e-02 -2.807104851103398024e-01 5.029971972063277535e-02 -8.038010171926335962e-03 3.886636264296726151e-01 -2.024093324598602861e-01 -1.489376266667215010e+00 1.127030967651904830e-01 -8.670994776544362903e-01
7.193939058115819130e-01 -2.502153577688398300e+00 2.084084909426400234e+00 1.172262146149036788e+00 9.481642200715649782e-01 -1.752404402012766940e-02 2.417402755778862156e-03 1.604178595825289655e-01 1.541967875565958490e+00 -1.067955362286201693e+00 2.117771930406040948e+00 1.336099125411871702e+00 -1.176824315771869855e+00 -1.464296137453841462e+00 -5.103620068989084269e-01 6.638480858430101730e-03 7.992878661982377730e-01 -6.724562363098178785e-01 -7.072727502735568494e-01 3.925585000706778294e-01 1.278540271835745812e-01 -1.962267158361561403e-01 7.773524814957202267e-01 0.000000000000000000e+00 -2.612326178618925090e-02 -8.504904664712359397e-02 5.610710277005750285e-02 8.351799799661567825e-01 3.532127731237326429e-02 -3.214911264098580523e-01 9.314682006711150208e-01 7.321530747881853651e-01 -1.014787846234118662e+00 -2.316863708021614510e-01 9.607639115560246967e-01 -1.549590225752906614e+00 -1.382585292373577968e+00 1.358051669770424241e-01 -5.546444718844910637e-01 -7.756448288665128699e-01 -8.499257091479095472e-01 -8.881808454962546451e-01 -6.489702868260718294e-01 -2.616698264800786933e-01 -1.258201375819761603e-01 8.318805892689613846e-02 5.072463184332306474e-01 1.646855324292921252e-01 1.348871690074709695e-01 -4.653127341517594023e-02 6.580294950103420838e-03 -2.303122571131328011e-01 7.835808166939724206e-02 1.216375562921621079e+00 -1.142711137701892810e-01 8.264636101027585946e-01
1.928253860487220417e-01 -1.539548025121796559e+00 1.172262146149036788e+00 9.341737354021234507e-01 8.217829356870439694e-01 2.083270067873493059e-01 -1.740856501346468299e-01 -7.885816544906748549e-02 1.080060058863283046e-01 -9.983485917083924355e-02 9.736856506123053867e-01 7.297878592523664443e-01 -6.286407042441940485e-01 -6.811945698411853156e-01 -2.853780621944050355e-01 2.298612140584843470e-03 2.553434222401123055e-01 -2.173487388433169298e-01 -2.202768310820417685e-01 1.051137853347715312e-01 9.456071603923313362e-02 -1.377262051137661814e-01 3.577458901414094505e-01 0.000000000000000000e+00 1.056669987657863361e-03 2.874095701285495075e-01 -3.320616183075263961e-01 2.162421499434959704e-01 -2.796331800372860860e-03 2.416130385196940678e-01 4.995720732041319945e-01 4.584351159505127282e-01 3.771393300634556245e-01 -7.572783506226601347e-01 1.473052235550689204e-01 -1.492700529842202917e+00 -3.356845368889726511e-01 9.406582261470734091e-03 -1.559836792630078239e-01 -1.387713238888992062e-01 -2.277247554841915211e-01 -1.004819759445940708e+00 1.131789626922955205e-01 -7.006419305998240477e-02 -9.338733654196375300e-02 2.930155346456545309e-02 2.947843906484906573e-01 -9.314456867142827112e-02 2.495219120550671021e-01 -1.204171268701891527e-02 -4.949809213517189499e-03 -1.471116600200927660e-01 2.510559699833760927e-01 5.753393102514187119e-01 -7.410180325556024565e-03 1.820038070574280797e-01
-1.030331922410134549e-01 -1.146807069668132284e+00 9.481642200715649782e-01 8.217829356870439694e-01 4.012743335178408088e+00 1.350562449519645769e+00 -1.099367442268778916e+00 -1.569307211984237949e+00 -2.448020373696804697e+00 1.770433260752583671e+00 3.269096420637190858e-01 5.473158973223497537e-01 -4.429600592156737182e-01 -1.199043299173482569e-01 -2.273278181703787815e-01 1.594618987314268439e-03 -5.220866425358076240e-02 2.606302609916355539e-02 6.286937745304195524e-02 -5.747930029258532802e-02 3.518586299993542443e-01 -5.148364020060904878e-01 6.756336843003054593e-01 0.000000000000000000e+00 -1.148771131941852403e-02 -6.415291148129270704e-01 4.814636004568375038e-01 -1.029025817014395244e-01 -3.028214233122277291e-02 3.431737720578908135e+00 -9.913467349774682802e-01 -3.207209559914625974e+00 2.099826305098357437e+00 -1.192301938560441643e+00 -2.529302100009976351e-01 -1.499509775450972082e+00 7.775992422914697055e-01 -1.206021931998350200e-01 -1.787455903532891299e-01 2.903615309850804960e-01 1.220630962128471803e-01 -5.322401880846799216e+00 1.985334023952023186e+00 3.824870130893084919e-02 -3.460515728230588728e-01 -2.929252515969230780e-02 1.331544928656005489e+00 1.153026788422766735e+00 5.721409065344974787e-02 5.732227623953882814e-03 -7.027441988648942817e-02 1.080221852094388035e+00 3.955915806769089160e-01 -1.799648663065865073e-01 1.032055054977759623e-01 -2.668593464048991670e-01
-4.582850888412446366e-01 -5.877659058559465965e-02 -1.752404402012766940e-02 2.083270067873493059e-01 1.350562449519645769e+00 1.039522654986661188e+00 -8.102780104565732167e-01 -5.493175454652177159e-01 -2.233807869982119776e+00 1.427820671413611908e+00 -3.359339530540188523e-01 4.035913226407405324e-02 -1.752837097118687369e-03 2.312011085898354745e-01 -3.141278339930821117e-02 -2.364368628306691335e-03 -4.200553930337883046e-01 3.354029703858008027e-01 3.985973493769212062e-01 -2.504952076396604332e-01 4.339646367935777460e-02 -1.227723745651261231e-02 -9.645059156066713990e-02 0.000000000000000000e+00 -2.224896432508601321e-02 3.604348701466141836e-01 -4.435834854171208375e-01 -4.943219703924991992e-01 -4.916460314349204580e-02 1.697896494022955727e+00 -8.281163617889343298e-01 -9.109701171642585749e-01 2.526252835810232522e+00 -1.233380906107072184e+00 -7.291579113525844535e-01 -1.327664122499585320e+00 8.959855098334670309e-01 -1.819608945240400177e-01 2.525267705791520156e-01 6.809087806546739730e-01 5.416649211326587388e-01 -2.358903363761054806e+00 1.618048379930144387e+00 1.669786278896194798e-01 -4.286124673875207902e-02 -1.615856163221371378e-02 4.433963481256693318e-02 -1.011952725208536685e-01 2.141180104156104325e-01 2.755322291552838102e-02 -3.477524368655140335e-02 3.004149614225784526e-01 4.075576492735327183e-01 -2.269822702063898634e-01 1.549747886795989071e-01 -6.626210973216776212e-01
3.555765639042542947e-01 6.072336026999659853e-02 2.417402755778862156e-03 -1.740856501346468299e-01 -1.099367442268778916e+00 -8.102780104565732167e-01 6.344561605732956799e-01 4.482226616776354700e-01 1.746128344859654069e+00 -1.125491890868936862e+00 2.743578093472019419e-01 -2.524769027638829738e-02 -4.064564204643968982e-03 -1.913405539256767818e-01 2.207526729483515540e-02 1.875631287214578509e-03 3.293550627804422981e-01 -2.639071303575459826e-01 -3.113653591690136446e-01 1.943724601953784881e-01 -3.503339999577100017e-02 1.131056517641756617e-02 7.135053256264047017e-02 0.000000000000000000e+00 1.676367848772862545e-02 -2.643922738898359381e-01 3.315905776353238466e-01 3.832869963973762339e-01 3.858156850216849093e-02 -1.345322745419892385e+00 6.480158247791736326e-01 7.478135586510263888e-01 -1.958229661371479358e+00 9.570146209709446961e-01 5.680560381657441260e-01 1.018638346367704006e+00 -7.076308106054332026e-01 1.407824462752737815e-01 -2.004251452118215870e-01 -5.324377908691854122e-01 -4.202709584941221044e-01 1.884932754653595444e+00 -1.252337373806002185e+00 -1.295662088568524661e-01 3.455387087360141385e-02 1.310001984823790967e-02 -4.852752917467727245e-02 5.891355637516534210e-02 -1.639356363173410103e-01 -2.136401838650207191e-02 2.755364321545872644e-02 -2.466910028823452727e-01 -3.162192611192617409e-01 1.874145556014040204e-01 -1.198691344943074444e-01 5.167572898707517570e-01
1.265289365117801434e+00 -2.229952135889813059e-01 1.604178595825289655e-01 -7.885816544906748549e-02 -1.569307211984237949e+00 -5.493175454652177159e-01 4.482226616776354700e-01 4.478107068033764904e+00 5.970492956945054885e+00 -4.746516485900519555e+00 3.125608030015189165e+00 1.333564175620645775e+00 -1.219858589060364373e+00 -2.796070547751955626e+00 -4.892168665746932099e-01 7.466297153081742806e-03 1.094440266455208421e+00 -9.076442026935438445e-01 -9.629797930239759607e-01 6.938586283360387297e-01 -6.235486650709189949e-01 7.803623961820058685e-01 4.984436434422874762e-01 0.000000000000000000e+00 -1.089391284806559140e-01 3.061311657920511298e-01 -1.273979528585445775e-01 1.375334280032209477e+00 1.071869633340244987e-01 -2.414614195594926738e+00 -7.730740934706820111e-01 5.066418961874040505e+00 -4.422285058655883283e+00 2.330912823012314394e+00 2.248003168716199429e+00 4.729682575216550555e-01 -4.786455188072980427e+00 2.846162473839903839e-01 -5.495874612847057028e-01 -1.741023934615716806e+00 -1.495591433068515164e+00 2.157375151551912840e+00 -3.412312220734087465e+00 -4.622553927551248942e-01 6.185704690486305557e-01 1.182091761441069616e-01 -2.342216362514178307e+00 -1.873064067362045559e+00 -1.733619965507479099e-01 -7.665068524902335367e-02 4.945003443705413282e-02 -1.666912430639389209e+00 -7.646243162023684814e-01 3.032685343430398195e+00 -2.408409706331647859e-01 1.473452760008072904e+00
5.115288169792560957e+00 -1.625864916246559932e+00 1.541967875565958490e+00 1.080060058863283046e-01 -2.448020373696804697e+00 -2.233807869982119776e+00 1.746128344859654069e+00 5.970492956945054885e+00 1.618479501702679357e+01 -1.121451303344320927e+01 8.002243213137921529e+00 4.036030414475695771e+00 -3.660865116513241535e+00 -6.075040949588212058e+00 -1.492205101230734243e+00 2.522439549055277216e-02 3.707886751064649822e+00 -3.035232768299347406e+00 -3.377632344934085040e+00 2.797102691294231391e+00 -1.080162132397741281e+00 9.517744922159997456e-01 1.661382367530410020e+00 0.000000000000000000e+00 -3.783422300291462426e-01 -3.715936153853824475e+00 3.766314859040781560e+00 5.518341644262664936e+00 4.548707360830151480e-01 -6.134217098909915400e+00 -3.496140665801837355e-01 4.616036822040122445e+00 -1.447897015864605841e+01 8.291967638804170093e+00 7.219365237641410360e+00 4.157369363721389099e+00 -1.117123990105150000e+01 1.132130457231477427e+00 -2.397235511971032462e+00 -5.888382688102026918e+00 -6.045548012986153630e+00 4.809792408484262261e+00 -1.000277255502854068e+01 -1.864295144105372115e+00 1.075948195152676146e+00 4.183215660045785933e-01 -1.824282930048369611e+00 5.112697380272588354e-01 -1.591630598239042849e+00 -3.075465695086422868e-01 1.256358824968237531e-01 -1.501443192752766054e+00 -2.731612378358477589e+00 5.900865384516187362e+00 -9.609329270311602889e-01 5.231039258659129665e+00
-3.427278738234674105e+00 1.151458620067820737e+00 -1.067955362286201693e+00 -9.983485917083924355e-02 1.770433260752583671e+00 1.427820671413611908e+00 -1.125491890868936862e+00 -4.746516485900519555e+00 -1.121451303344320927e+01 8.001255497563779073e+00 -5.883014610244359233e+00 -2.890287797966355932e+00 2.625600944972288353e+00 4.555745935962957738e+00 1.067120134101587015e+00 -1.826857217645658227e-02 -2.611691228179426449e+00 2.151387947265282818e+00 2.356682736827762970e+00 -1.874669604332793282e+00 7.962123139260365301e-01 -7.439468232416642790e-01 -1.205203053786258360e+00 0.000000000000000000e+00 2.393021758057027604e-01 2.205577553065110941e+00 -2.292866374287174658e+00 -3.700285431707895700e+00 -3.027441162778098382e-01 4.185522104642672936e+00 4.945154431323279254e-01 -4.044873386118650771e+00 9.710994493531320160e+00 -5.540636806859814634e+00 -5.012940526865737212e+00 -2.390493079515430441e+00 8.062324214395538036e+00 -7.492840382601664295e-01 1.700825074387857017e+00 4.097468553824602289e+00 4.050550054072912687e+00 -3.281829091655379838e+00 6.658715616564649054e+00 1.249410695331459431e+00 -7.926340515058801772e-01 -2.729399606663754918e-01 1.641579462806930012e+00 1.396771294042991607e-01 9.993588804222590660e-01 2.062227272257633470e-01 -8.572204951323401934e-02 1.318431419046058206e+00 1.824029973793343196e+00 -4.437819090471241346e+00 6.353100535881973654e-01 -3.605894667769985684e+00
3.004402034559880086e+00 -2.515443410187173434e+00 2.117771930406040948e+00 9.736856506123053867e-01 3.269096420637190858e-01 -3.359339530540188523e-01 2.743578093472019419e-01 3.125608030015189165e+00 8.002243213137921529e+00 -5.883014610244359233e+00 8.781478291409328563e+00 5.459002412247353497e+00 -4.792830815493234198e+00 -6.628045983686677189e+00 -2.093070579851058710e+00 2.658252306492418088e-02 3.352505017438410118e+00 -2.806043825052548790e+00 -2.953711227002482342e+00 1.641450858244237310e+00 -3.866529335399787048e-01 1.547890363110131229e-01 1.530653662369487078e+00 0.000000000000000000e+00 -2.179131412974575910e-01 -1.474639007172202421e+00 1.536421304644216113e+00 3.235623829968082621e+00 7.436295002127890630e-03 -2.134108186706530130e+00 7.002384667154004649e-02 3.509948916516846928e+00 -5.128876624582872523e+00 2.308911255283577990e+00 4.696182056671502458e+00 -2.934031778366709364e+00 -7.132394153749310739e+00 6.056077280719842637e-01 -2.114189282869425313e+00 -3.552073488097595266e+00 -3.549739083415904162e+00 1.328536363252968977e-01 -3.968885202831369696e+00 -1.094048717073308863e+00 3.866053566312814271e-01 2.769102793502312698e-01 -4.024856781322290189e-01 -1.522593459657440029e-01 -2.205276493404055849e-01 -1.802917391285226989e-01 4.369924257420661901e-02 -1.148768094127301742e+00 -7.547322582292488313e-01 5.151833480302941304e+00 -5.103101131890260822e-01 3.428524058903121396e+00
1.619349247172678474e+00 -1.643351207547751880e+00 1.336099125411871702e+00 7.297878592523664443e-01 5.473158973223497537e-01 4.035913226407405324e-02 -2.524769027638829738e-02 1.333564175620645775e+00 4.036030414475695771e+00 -2.890287797966355932e+00 5.459002412247353497e+00 4.079006763554532178e+00 -3.507926576914011108e+00 -4.032462743409021222e+00 -1.597831294208771347e+00 1.367235350671027264e-02 1.874111996272182168e+00 -1.546038738456101624e+00 -1.667467016348544551e+00 8.846147022960114681e-01 -1.653470717699911940e-01 1.809557426335252350e-02 8.354156789305582365e-01 0.000000000000000000e+00 -1.682552312268142392e-01 -3.467582997482394624e-01 2.784713176933124590e-01 1.741959500394668847e+00 -1.001238937231549303e-01 -8.981343191554521654e-01 6.092864027842141983e-01 2.110078445397904012e+00 -1.636272084902483881e+00 1.997230905022595593e-01 2.311413771417922369e+00 -3.287612245722804083e+00 -3.685587605783878118e+00 3.081373439748922860e-01 -1.007066130078734023e+00 -1.788938044190875098e+00 -1.913247891300724479e+00 -4.914371444880830664e-01 -2.055770154951552353e+00 -5.896168706334294907e-01 1.659060560482508995e-01 1.904114537444656363e-01 -1.080188198306583983e-03 -2.205945095151119473e-01 2.214494327244038441e-01 -9.705673892794139390e-02 1.839037599415067892e-02 -6.925263351301803594e-01 -6.138465045747880378e-02 3.237275721897962200e+00 -2.598223636737780340e-01 1.760574808134828473e+00
-1.461035271540049862e+00 1.440000868785511035e+00 -1.176824315771869855e+00 -6.286407042441940485e-01 -4.429600592156737182e-01 -1.752837097118687369e-03 -4.064564204643968982e-03 -1.219858589060364373e+00 -3.660865116513241535e+00 2.625600944972288353e+00 -4.792830815493234198e+00 -3.507926576914011108e+00 3.024518505337737473e+00 3.539805704777792439e+00 1.370499192937059352e+00 -1.234084846185811053e-02 -1.678875143922638369e+00 1.387394263637218961e+00 1.492690435322071352e+00 -7.981417501524007418e-01 1.529856123619512676e-01 -2.232258442365099571e-02 -7.478062012798912805e-01 0.000000000000000000e+00 1.445171760938884498e-01 3.824732666263454539e-01 -3.341770064282958419e-01 -1.571821589330709257e+00 7.524563374064512089e-02 8.463841609327290572e-01 -4.897839043895012567e-01 -1.835279154430681237e+00 1.635404145977984225e+00 -3.224314917646410317e-01 -2.106946380967355203e+00 2.713433550771255476e+00 3.322253690868745224e+00 -2.817729383757446859e-01 9.179920078931491645e-01 1.626111570830773401e+00 1.726213435896531534e+00 3.621584738941528991e-01 1.862188661593592531e+00 5.319811676844521386e-01 -1.534296447061585245e-01 -1.658744571538574852e-01 1.487052474309496011e-02 1.607717728131401180e-01 -1.494039492668812752e-01 8.757833528666982004e-02 -1.733096935309973510e-02 6.019339110153407724e-01 1.024466087470726067e-01 -2.838796828673959105e+00 2.375984846888670454e-01 -1.597627321607814510e+00
-2.125344882320287176e+00 1.756431031462643011e+00 -1.464296137453841462e+00 -6.811945698411853156e-01 -1.199043299173482569e-01 2.312011085898354745e-01 -1.913405539256767818e-01 -2.796070547751955626e+00 -6.075040949588212058e+00 4.555745935962957738e+00 -6.628045983686677189e+00 -4.032462743409021222e+00 3.539805704777792439e+00 5.185896206915181494e+00 1.546748566500492972e+00 -1.919994031061536544e-02 -2.404047840201860353e+00 2.012961720393542375e+00 2.113390206455712850e+00 -1.161376476216384734e+00 3.314065436356468664e-01 -1.976815246648462587e-01 -1.072493146703693778e+00 0.000000000000000000e+00 1.612743621058830845e-01 7.849840956637527123e-01 -8.534494949340827308e-01 -2.290514272676106522e+00 6.391212898531246217e-03 1.623368687789148446e+00 1.340104010811809243e-01 -3.286524568887332354e+00 3.824930877965185605e+00 -1.676911799554995586e+00 -3.416991105168817988e+00 2.197469040082490999e+00 5.457810068377334289e+00 -4.288161937815938574e-01 1.493799785913543676e+00 2.568207268239195429e+00 2.511093254153615284e+00 -2.020636168081118844e-01 3.041055164107227871e+00 7.740425861308475319e-01 -3.307651296153172882e-01 -2.024588994956602050e-01 6.497136713185277523e-01 5.157323742333215222e-01 1.013515026647517914e-01 1.276275202193772607e-01 -3.323856979131860345e-02 1.080267743565022309e+00 5.480969965354497431e-01 -3.971407504279520939e+00 3.612423740488682200e-01 -2.461775231219298199e+00
-6.021417477393790074e-01 6.312219088213946172e-01 -5.103620068989084269e-01 -2.853780621944050355e-01 -2.273278181703787815e-01 -3.141278339930821117e-02 2.207526729483515540e-02 -4.892168665746932099e-01 -1.492205101230734243e+00 1.067120134101587015e+00 -2.093070579851058710e+00 -1.597831294208771347e+00 1.370499192937059352e+00 1.546748566500492972e+00 6.276128197622384830e-01 -5.086300345027122520e-03 -7.026620815336426240e-01 5.785805546173768965e-01 6.256129600521145306e-01 -3.289321024174809982e-01 5.976413236486453895e-02 -3.998090773199469879e-03 -3.136863798770631595e-01 0.000000000000000000e+00 6.594719029926739140e-02 9.630785917201339918e-02 -6.474082103694892010e-02 -6.476624949347372651e-01 4.428892521742189281e-02 3.168846069344167793e-01 -2.536883676450276681e-01 -8.178652088431210831e-01 5.338026696346477307e-01 -7.894228096586937762e-03 -8.498089771116135172e-01 1.341312923435334259e+00 1.372828503651574161e+00 -1.127528706623681237e-01 3.705850220881855561e-01 6.598760258275341295e-01 7.114195175164819140e-01 2.209615401130031187e-01 7.606925085412804544e-01 2.192407568935723083e-01 -5.999979874683093045e-02 -7.355672332743547204e-02 -5.582318784507761880e-03 1.004801272027281561e-01 -1.059657183986330298e-01 3.608525200032625113e-02 -6.488472645532963358e-03 2.686132002993205647e-01 8.615368232277588424e-04 -1.242776698988067752e+00 9.506799490268315334e-02 -6.505480782447216059e-01
1.303559744495894762e-02 -7.239571087418138901e-03 6.638480858430101730e-03 2.298612140584843470e-03 1.594618987314268439e-03 -2.364368628306691335e-03 1.875631287214578509e-03 7.466297153081742806e-03 2.522439549055277216e-02 -1.826857217645658227e-02 2.658252306492418088e-02 1.367235350671027264e-02 -1.234084846185811053e-02 -1.919994031061536544e-02 -5.086300345027122520e-03 1.881151174849841543e-04 1.773455217779111928e-02 -1.509913617269283484e-02 -1.566640918812623948e-02 7.119061624666326790e-03 -1.368330562043696156e-03 9.538239881527898101e-05 6.763119717875410754e-03 0.000000000000000000e+00 -2.317095457998977366e-04 -1.600893507007198485e-02 1.831669384150743166e-02 1.402034584833783924e-02 1.121214731718227610e-03 -5.270698974932298830e-03 -7.174356457868277803e-03 -1.667194380380203128e-03 -2.465451313479809572e-02 1.886331697735837976e-02 2.084058007319760861e-02 2.378526358055653434e-03 -2.685630321288467320e-02 2.844888476309328628e-03 -1.378451275195374109e-02 -1.188621533111449725e-02 -1.540210679424529674e-02 9.072132827119087093e-04 -1.105003395629398921e-02 -4.745441156033217145e-03 1.376077453110848611e-03 4.947792794078292172e-04 1.670092983794206880e-03 7.002128244921993969e-03 -5.043025939414421711e-03 -7.813029598844060042e-04 1.080371979661326590e-04 6.217178878068211527e-04 -6.190462299707976193e-03 1.361374459202039158e-02 -2.392310625978899281e-03 1.497605191691496300e-02
1.848650322745710728e+00 -8.732658675501783208e-01 7.992878661982377730e-01 2.553434222401123055e-01 -5.220866425358076240e-02 -4.200553930337883046e-01 3.293550627804422981e-01 1.094440266455208421e+00 3.707886751064649822e+00 -2.611691228179426449e+00 3.352505017438410118e+00 1.874111996272182168e+00 -1.678875143922638369e+00 -2.404047840201860353e+00 -7.026620815336426240e-01 1.773455217779111928e-02 2.337331903343994099e+00 -1.931498755160806935e+00 -2.085023711928417622e+00 1.009900722343789914e+00 -2.553194204192663075e-01 1.224398721606839158e-01 6.801490698595289430e-01 0.000000000000000000e+00 -4.963966538565142694e-02 -1.839884918365000566e+00 2.075262377432692151e+00 1.989862250582379977e+00 1.607568790807165360e-01 -1.052885455828029837e+00 -5.641237648957809769e-01 1.748739716779243725e-01 -3.769463040740817839e+00 2.425417631926648276e+00 2.611619794780364767e+00 4.379287697057492323e-01 -3.615951300305356941e+00 4.313887957676936225e-01 -1.268107518723200489e+00 -1.691392397419225091e+00 -2.184538505910623485e+00 4.962169622061232133e-01 -1.931354730997258740e+00 -6.731800927327281636e-01 2.555412084800257055e-01 8.065339270385495085e-02 -2.340297525254521685e-02 7.647592786020017686e-01 -6.771718533180831612e-01 -1.108892315055832051e-01 2.156614933127004585e-02 -4.968623148412336377e-02 -7.975581064372294637e-01 1.998375213211799117e+00 -3.643919357663378822e-01 2.046695785082584429e+00
-1.515563908892385347e+00 7.353301433348428118e-01 -6.724562363098178785e-01 -2.173487388433169298e-01 2.606302609916355539e-02 3.354029703858008027e-01 -2.639071303575459826e-01 -9.076442026935438445e-01 -3.035232768299347406e+00 2.151387947265282818e+00 -2.806043825052548790e+00 -1.546038738456101624e+00 1.387394263637218961e+00 2.012961720393542375e+00 5.785805546173768965e-01 -1.509913617269283484e-02 -1.931498755160806935e+00 1.603917104873897825e+00 1.717001823949257044e+00 -8.279224608785048511e-01 2.060900185850118582e-01 -9.360968635664373982e-02 -5.780561095088733170e-01 0.000000000000000000e+00 3.848915314992683995e-02 1.533649587536290992e+00 -1.735471514753518907e+00 -1.631265838446624761e+00 -1.318356235256039344e-01 8.436864515728895730e-01 4.981227496689798473e-01 -1.409147899239164281e-01 3.067212317406149413e+00 -2.000291332976270375e+00 -2.173675611095493565e+00 -3.289751368385446240e-01 2.991800516791843112e+00 -3.523718070872760566e-01 1.094637597885673941e+00 1.394917247057826604e+00 1.790906861887543000e+00 -3.806189080797202084e-01 1.543569219203365872e+00 5.518751238164557593e-01 -2.063257525462331987e-01 -6.502765631373527699e-02 8.497783699248154243e-03 -6.330423006662349028e-01 5.558664344844721494e-01 9.090541691382453271e-02 -1.728135336786691331e-02 3.969794563744763471e-02 6.575864819895780311e-01 -1.649422347045826021e+00 2.974340272370559202e-01 -1.692102710926720377e+00
-1.675593073960696122e+00 7.697800690362280873e-01 -7.072727502735568494e-01 -2.202768310820417685e-01 6.286937745304195524e-02 3.985973493769212062e-01 -3.113653591690136446e-01 -9.629797930239759607e-01 -3.377632344934085040e+00 2.356682736827762970e+00 -2.953711227002482342e+00 -1.667467016348544551e+00 1.492690435322071352e+00 2.113390206455712850e+00 6.256129600521145306e-01 -1.566640918812623948e-02 -2.085023711928417622e+00 1.717001823949257044e+00 1.872644794802429180e+00 -9.153468914663874800e-01 2.295697686035603480e-01 -1.101360535191835133e-01 -5.984182081026171440e-01 0.000000000000000000e+00 4.844759348867454241e-02 1.670981583860527087e+00 -1.873919651665560959e+00 -1.803503365506091471e+00 -1.459186871583923739e-01 9.817044943977842886e-01 4.655061239135749318e-01 -1.160755218842657033e-01 3.472764288906296848e+00 -2.209060104296308502e+00 -2.338482199926929184e+00 -4.777176642374599269e-01 3.235021296069128915e+00 -4.029941033828666197e-01 1.107748302929268291e+00 1.529508642369569404e+00 1.980063472598214691e+00 -4.838540511351102635e-01 1.805862030341528479e+00 6.101583050392621610e-01 -2.297664116895381248e-01 -7.535071343948283873e-02 9.796104260802882685e-03 -7.149054126784256669e-01 6.228413447019742755e-01 1.005045111673501385e-01 -2.010871812111953566e-02 3.129351109471311537e-02 7.266226351184024157e-01 -1.776058272447799125e+00 3.407414231648163150e-01 -1.848776175071428884e+00
1.539703669401045749e+00 -4.272917580056828646e-01 3.925585000706778294e-01 1.051137853347715312e-01 -5.747930029258532802e-02 -2.504952076396604332e-01 1.943724601953784881e-01 6.938586283360387297e-01 2.797102691294231391e+00 -1.874669604332793282e+00 1.641450858244237310e+00 8.846147022960114681e-01 -7.981417501524007418e-01 -1.161376476216384734e+00 -3.289321024174809982e-01 7.119061624666326790e-03 1.009900722343789914e+00 -8.279224608785048511e-01 -9.153468914663874800e-01 1.257740007941595906e+00 -2.081318929661385153e-01 1.506486233085073401e-01 3.639986745167884119e-01 0.000000000000000000e+00 -7.416626985229447799e-02 -1.302682414862708082e+00 1.325241269451695070e+00 1.512844579197645256e+00 1.222063288493001193e-01 -8.119940978545320265e-01 -4.192484383310018936e-01 -1.200624765332621996e-01 -2.795357199692141581e+00 1.859959411248740757e+00 1.571454172107446201e+00 8.512124294626638443e-01 -2.279906928364878294e+00 2.554946464864939482e-01 -6.354973511149174525e-01 -1.198128998718823279e+00 -1.958353599850461757e+00 3.387125554065938404e-01 -1.661910869097314558e+00 -8.383256171453716821e-01 2.082655090301962775e-01 7.984389490739381146e-02 -7.554311440781963372e-02 6.097738110229896646e-01 -4.907392846295136613e-01 -8.430280349451678423e-02 1.663329479456226306e-02 4.401263421100026774e-02 -6.128690464518062875e-01 1.062512933322619535e+00 -2.165914478595276360e-01 1.181967747599478313e+00
-3.821208246831729327e-01 -1.325074853546808762e-01 1.278540271835745812e-01 9.456071603923313362e-02 3.518586299993542443e-01 4.339646367935777460e-02 -3.503339999577100017e-02 -6.235486650709189949e-01 -1.080162132397741281e+00 7.962123139260365301e-01 -3.866529335399787048e-01 -1.653470717699911940e-01 1.529856123619512676e-01 3.314065436356468664e-01 5.976413236486453895e-02 -1.368330562043696156e-03 -2.553194204192663075e-01 2.060900185850118582e-01 2.295697686035603480e-01 -2.081318929661385153e-01 6.376395075760707964e-01 -5.653618256080868987e-01 5.231523671895074029e-02 0.000000000000000000e+00 2.504754780464913885e-02 3.304590353001964909e-01 -3.658352113956640506e-01 -4.807520205598701524e-01 -4.188366803000362348e-02 4.993123982174654807e-01 4.859922371096861982e-01 -3.620186945864944383e-01 9.453178679741616186e-01 -8.657458923274570228e-01 -4.879388087806960650e-01 -5.578081093885167707e-01 9.299707085830913877e-01 -7.504116596836028774e-02 8.575233285211739109e-02 3.256455049655929690e-01 4.513627858884888822e-01 -4.081717109831172197e-01 6.981619138871201224e-01 1.386832884208492878e-01 -6.334372024510392940e-01 -2.496939894513603916e-02 7.717173380263659954e-01 8.030202563681115846e-02 1.959733714836997542e-01 2.679103855061380074e-02 -1.022546145304088945e-02 1.222574409301840498e-01 2.856629320156446328e-01 -4.123660426844838467e-01 6.371472948621821619e-02 -3.067128154984499755e-01
2.755247689223199181e-01 1.969724618254543036e-01 -1.962267158361561403e-01 -1.377262051137661814e-01 -5.148364020060904878e-01 -1.227723745651261231e-02 1.131056517641756617e-02 7.803623961820058685e-01 9.517744922159997456e-01 -7.439468232416642790e-01 1.547890363110131229e-01 1.809557426335252350e-02 -2.232258442365099571e-02 -1.976815246648462587e-01 -3.998090773199469879e-03 9.538239881527898101e-05 1.224398721606839158e-01 -9.360968635664373982e-02 -1.101360535191835133e-01 1.506486233085073401e-01 -5.653618256080868987e-01 8.592187703368551199e-01 -1.675413548850347434e-01 0.000000000000000000e+00 -2.188880742075037869e-02 -1.134892627432359941e-01 1.591236814485738893e-01 3.472890640970752729e-01 3.460754689874898093e-02 -5.815838730471623030e-01 -5.630063438719499214e-01 6.503372508769219573e-01 -7.461823757614522989e-01 7.971228332992031929e-01 3.196705515894494587e-01 5.999426593882999370e-01 -8.321344624909547960e-01 4.978756973638429756e-02 5.828520924052401492e-02 -1.767347520498754321e-01 -3.256187256979324873e-01 5.401452689805728014e-01 -6.695551988330858961e-01 -1.003506022716080665e-01 5.615613586979265603e-01 2.064082976431687658e-02 -1.198045410228567809e+00 -3.064902939289019246e-01 -1.567413677566947827e-01 -1.935434298252110968e-02 1.190866830882274935e-02 -2.196417034148274161e-01 -2.633148393826210132e-01 3.728503539921649290e-01 -4.242066766539411005e-02 1.584812482935495925e-01
6.665074774790756829e-01 -8.723924662135293939e-01 7.773524814957202267e-01 3.577458901414094505e-01 6.756336843003054593e-01 -9.645059156066713990e-02 7.135053256264047017e-02 4.984436434422874762e-01 1.661382367530410020e+00 -1.205203053786258360e+00 1.530653662369487078e+00 8.354156789305582365e-01 -7.478062012798912805e-01 -1.072493146703693778e+00 -3.136863798770631595e-01 6.763119717875410754e-03 6.801490698595289430e-01 -5.780561095088733170e-01 -5.984182081026171440e-01 3.639986745167884119e-01 5.231523671895074029e-02 -1.675413548850347434e-01 1.791205882920725800e+00 0.000000000000000000e+00 -1.365279586401530430e-02 -8.762913324113419389e-01 8.905025357492777349e-01 7.223892476056669176e-01 3.683103363723708168e-02 5.363214619898140634e-02 -1.453995773365537869e-01 -2.138211671459441798e-01 -1.293568285813119667e+00 8.664093830023384957e-01 1.270596661658534243e+00 -1.664932537671294233e-01 -1.446588150406175721e+00 1.256161946384735384e-01 -7.728415396714127805e-01 -8.396143283172360361e-01 -7.875792928463998255e-01 -5.698140306808969768e-01 -6.113766858175171404e-01 -2.426686508643915163e-01 -5.022563946292349368e-02 2.693755742132093733e-02 4.580624582799900368e-01 5.193111905243618098e-01 -1.691885311956895233e-01 -4.026631213962370004e-02 -1.090194586186084540e-03 9.615271375125132580e-02 -2.809126748339010882e-01 7.262024064872928397e-01 -1.057698238592483381e-01 7.733110055508626290e-01
0.000000000000000000e+00 0.000000000000000000e+00 0.000000000000000000e+00 0.000000000000000000e+00 0.000000000000000000e+00 0.000000000000000000e+00 0.000000000000000000e+00 0.000000000000000000e+00 0.000000000000000000e+00 0.000000000000000000e+00 0.000000000000000000e+00 0.000000000000000000e+00 0.000000000000000000e+00 0.000000000000000000e+00 0.000000000000000000e+00 0.000000000000000000e+00 0.000000000000000000e+00 0.000000000000000000e+00 0.000000000000000000e+00 0.000000000000000000e+00 0.000000000000000000e+00 0.000000000000000000e+00 0.000000000000000000e+00 0.000000000000000000e+00 0.000000000000000000e+00 0.000000000000000000e+00 0.000000000000000000e+00 0.000000000000000000e+00 0.000000000000000000e+00 0.000000000000000000e+00 0.000000000000000000e+00 0.000000000000000000e+00 0.000000000000000000e+00 0.000000000000000000e+00 0.000000000000000000e+00 0.000000000000000000e+00 0.000000000000000000e+00 0.000000000000000000e+00 0.000000000000000000e+00 0.000000000000000000e+00 0.000000000000000000e+00 0.000000000000000000e+00 0.000000000000000000e+00 0.000000000000000000e+00 0.000000000000000000e+00 0.000000000000000000e+00 0.000000000000000000e+00 0.000000000000000000e+00 0.000000000000000000e+00 0.000000000000000000e+00 0.000000000000000000e+00 0.000000000000000000e+00 0.000000000000000000e+00 0.000000000000000000e+00 0.000000000000000000e+00 0.000000000000000000e+00
-1.356729372118402333e-01 2.949904306580553720e-02 -2.612326178618925090e-02 1.056669987657863361e-03 -1.148771131941852403e-02 -2.224896432508601321e-02 1.676367848772862545e-02 -1.089391284806559140e-01 -3.783422300291462426e-01 2.393021758057027604e-01 -2.179131412974575910e-01 -1.682552312268142392e-01 1.445171760938884498e-01 1.612743621058830845e-01 6.594719029926739140e-02 -2.317095457998977366e-04 -4.963966538565142694e-02 3.848915314992683995e-02 4.844759348867454241e-02 -7.416626985229447799e-02 2.504754780464913885e-02 -2.188880742075037869e-02 -1.365279586401530430e-02 0.000000000000000000e+00 2.390057791362774076e-01 -2.658810754104676613e-02 1.271537828152597555e-02 -1.459481443492154362e-01 -1.102582574677381938e-02 2.079864860317525710e-01 -8.878839246434511168e-02 -1.812279585729094089e-01 2.889867680313980558e-01 -1.166283871011009332e-01 -1.381065252585028658e-01 1.781417414360661131e-02 2.533151138521722023e-01 -2.631556807762823469e-02 3.021306269145567977e-02 9.048778240177125787e-02 1.603534881799461853e-01 -4.898551920403120680e-02 2.946221111664766856e-01 4.943734511444379531e-02 -2.484964879113328584e-02 -1.636528913858689982e-01 4.050848271309935578e-02 4.902177720175340120e-02 -7.664909925893522574e-03 8.132780371862727287e-03 -4.259335367915961096e-03 6.032708952496161625e-02 3.851987006570102567e-02 -1.694932644822620682e-01 2.245571107809757327e-02 -8.828105372914582527e-02
-2.388007693960009004e+00 -1.629476502774384605e-01 -8.504904664712359397e-02 2.874095701285495075e-01 -6.415291148129270704e-01 3.604348701466141836e-01 -2.643922738898359381e-01 3.061311657920511298e-01 -3.715936153853824475e+00 2.205577553065110941e+00 -1.474639007172202421e+00 -3.467582997482394624e-01 3.824732666263454539e-01 7.849840956637527123e-01 9.630785917201339918e-02 -1.600893507007198485e-02 -1.839884918365000566e+00 1.533649587536290992e+00 1.670981583860527087e+00 -1.302682414862708082e+00 3.304590353001964909e-01 -1.134892627432359941e-01 -8.762913324113419389e-01 0.000000000000000000e+00 -2.658810754104676613e-02 6.763466898062032939e+00 -6.626808309505850758e+00 -2.560864952888732393e+00 -2.580858279471811567e-01 -1.271977634529652401e-01 3.666838965814362972e+00 6.010589096372815909e+00 5.702889933598283889e+00 -6.464917898821852305e+00 -3.821243116417320174e+00 -5.847899865981194267e+00 3.183495249031876639e+00 -5.066770398948889920e-01 2.103887761115178723e+00 2.562605447953044457e+00 2.821847235588313740e+00 3.125405290321358609e-01 1.848404086865059082e+00 8.685893553774809428e-01 -3.329579960466909627e-01 3.210873541381078361e-02 -9.696261843827262972e-01 -4.088572285232640269e+00 2.317819617280056477e+00 1.427362953097629783e-01 2.557474026736218826e-03 -1.993986073614933963e+00 2.129184822800650245e+00 3.113137783825403737e-01 4.293662912499489615e-01 -2.612839567986394940e+00
2.429013970168143466e+00 2.051577412827349511e-01 5.610710277005750285e-02 -3.320616183075263961e-01 4.814636004568375038e-01 -4.435834854171208375e-01 3.315905776353238466e-01 -1.273979528585445775e-01 3.766314859040781560e+00 -2.292866374287174658e+00 1.536421304644216113e+00 2.784713176933124590e-01 -3.341770064282958419e-01 -8.534494949340827308e-01 -6.474082103694892010e-02 1.831669384150743166e-02 2.075262377432692151e+00 -1.735471514753518907e+00 -1.873919651665560959e+00 1.325241269451695070e+00 -3.658352113956640506e-01 1.591236814485738893e-01 8.905025357492777349e-01 0.000000000000000000e+00 1.271537828152597555e-02 -6.626808309505850758e+00 7.040140891848928995e+00 2.605773173551782840e+00 2.637122759093619151e-01 -8.072640492149700531e-02 -3.707969287047770290e+00 -5.766987674007314268e+00 -6.100383399189782452e+00 6.713976893559877368e+00 3.973136677751748724e+00 6.105769608565204898e+00 -3.405123077928521536e+00 5.537590282529264440e-01 -2.398934385019869442e+00 -2.500855938950884205e+00 -2.870325968270736272e+00 -6.703886306416136087e-02 -1.934938488226502384e+00 -8.836107078106119062e-01 3.680944808997720363e-01 -2.046423579811047777e-02 8.473928422806341620e-01 3.935218220913022869e+00 -2.481135249992184377e+00 -1.452407301909587611e-01 1.701077665389522401e-03 1.914246754693041286e+00 -2.211201648098464201e+00 -2.387900129585214248e-01 -4.689942558434515574e-01 2.903634597789505722e+00
2.766403522363144241e+00 -9.028916007658537302e-01 8.351799799661567825e-01 2.162421499434959704e-01 -1.029025817014395244e-01 -4.943219703924991992e-01 3.832869963973762339e-01 1.375334280032209477e+00 5.518341644262664936e+00 -3.700285431707895700e+00 3.235623829968082621e+00 1.741959500394668847e+00 -1.571821589330709257e+00 -2.290514272676106522e+00 -6.476624949347372651e-01 1.402034584833783924e-02 1.989862250582379977e+00 -1.631265838446624761e+00 -1.803503365506091471e+00 1.512844579197645256e+00 -4.807520205598701524e-01 3.472890640970752729e-01 7.223892476056669176e-01 0.000000000000000000e+00 -1.459481443492154362e-01 -2.560864952888732393e+00 2.605773173551782840e+00 2.982449394610320326e+00 2.371550980598616520e-01 -1.600292300442142324e+00 -8.260430046726088271e-01 -2.261997224109286442e-01 -5.513474898548896164e+00 3.664915254428766200e+00 3.096865454915634253e+00 1.680638144451880311e+00 -4.498259865166116533e+00 5.034731596781465424e-01 -1.249827227800189400e+00 -2.360673709150545196e+00 -3.269737137079761435e+00 6.579261370123431485e-01 -3.278374041775862668e+00 -1.008322590221940374e+00 4.803591707485581064e-01 1.575049399530461247e-01 -2.012288132660292883e-01 1.195754435709968755e+00 -9.660545572894582156e-01 -1.661841864155823301e-01 3.278111444294643656e-02 8.340310567027392485e-02 -1.207614135308946013e+00 2.098610211507620615e+00 -4.268113884930536672e-01 2.328915913783641933e+00
