3.905597979290631372e+01 -2.810648349459334838e+01 -2.851669402370995599e+01 -8.060445110923756928e+00 -2.932472154909141437e+01 1.113956405777007319e+01 1.390873669603258367e-01 -1.283583897708330479e+00 -6.029648331361498492e+01 5.858323814773106619e+01 -6.091071693009177501e+00 -1.123962998299358862e+00 -4.408022984721028659e-02 -1.067950554981020206e+00 3.532370125494647128e-01 -3.534890479294969245e-01 -1.422790803365015649e-02 1.444395697101846787e-02 9.030423895516542787e-01 2.519766618703641381e+00 -1.653101897560172340e+00 -2.967724195487809524e+00 2.971969336299399078e+00 9.699053777782878916e-02 -2.083530876832274947e-02 1.041561253864540015e+00 -1.112530051556444022e+00 -1.303704509598809569e+00 9.666023280054331090e-01 -1.249425022901915261e+00 -2.927526145691735082e-01 5.915189620428412676e-01 -5.452559347961506431e-01 -1.478240771889961724e+00 -2.129923825882957533e-01 -7.963903705758931806e-02 -7.548312669220886839e-01 6.201316970873823609e-01 1.297206428268400380e-01 -4.962910609578574106e-01 5.006135228548511812e-02 2.170687662339141066e-01 -4.019026793075416437e-01
-2.810648349459334838e+01 2.023399759646394713e+01 2.051848631731122907e+01 5.791063002941606364e+00 2.102632897565257153e+01 -7.991779847813953452e+00 -9.890580066819487648e-02 9.215843510913062087e-01 4.334614707850820281e+01 -4.211543941830898063e+01 4.381839811856372613e+00 8.601857551454967776e-01 1.493755250934227299e-02 6.967531605272706541e-01 -2.651594718478005874e-01 2.653307229819446555e-01 1.334000519009269706e-02 -1.291749307011477894e-02 -6.476897624253517005e-01 -1.773156177909058551e+00 1.142445253479700051e+00 2.132138720911036511e+00 -2.132857654733777419e+00 -6.937064613478274855e-02 1.464801269757362752e-02 -7.924225417244444847e-01 8.464285977390503257e-01 9.407776961414607841e-01 -7.271281923691846893e-01 9.273789315818741219e-01 2.284653515410192681e-01 -6.523500149861339859e-01 4.430093503404925470e-01 1.221467913827486651e+00 1.506849262849660476e-01 5.648391246253238462e-02 5.380830457735936712e-01 -4.423232454401373470e-01 -9.357286037331506712e-02 3.547035488034432915e-01 -3.580006500643928558e-02 -1.143811333570332323e-01 1.972241896130184913e-01
-2.851669402370995599e+01 2.051848631731122907e+01 2.082972980872046165e+01 5.887730194419664720e+00 2.147516697379833062e+01 -8.150824167082559413e+00 -1.014130459395437001e-01 9.367877234888015714e-01 4.406668357615475173e+01 -4.281260467591189922e+01 4.451113918819718407e+00 7.843408476307264232e-01 4.838445131444508995e-02 8.364518086782208872e-01 -2.523385266365029134e-01 2.525361066106731611e-01 6.403484785544610348e-03 -7.238442720875805543e-03 -6.621500835109548344e-01 -1.900956007300095951e+00 1.276705466169806291e+00 2.170826061451381239e+00 -2.176275025895865411e+00 -7.060930148445497545e-02 1.493407347553598989e-02 -7.461148878854546584e-01 7.962480360927260969e-01 9.551431899736966269e-01 -6.915296835538380371e-01 8.977624292136122675e-01 2.064048710008428156e-01 -3.377285765483990509e-01 3.776638461550571035e-01 1.013574628976925629e+00 1.576996658051424693e-01 5.944215685007271655e-02 5.601310943844621804e-01 -4.592155502794697530e-01 -9.443227763282313614e-02 3.644075127755803667e-01 -3.667908670061865301e-02 -1.781626433938477971e-01 3.424001565568311478e-01
-8.060445110923756928e+00 5.791063002941606364e+00 5.887730194419664720e+00 1.682090772259841938e+00 6.165490167099443752e+00 -2.340596693352436031e+00 -3.559765289263227411e-02 2.675712313923962471e-01 1.250985089583994991e+01 -1.214714914197304907e+01 1.256624833748470227e+00 1.454338475347672632e-01 3.166602174385618751e-02 3.228644042115839663e-01 -5.227773263210731131e-02 5.234008706735291533e-02 -4.889672424606460524e-04 -2.280177492667113471e-04 -1.887018466784423643e-01 -5.550004622927532383e-01 3.788488646958763639e-01 6.169811243342817608e-01 -6.188029507509158478e-01 -2.047994567773956526e-02 4.662025830008641007e-03 -1.329930898879809198e-01 1.431805221949987161e-01 2.601873233907073257e-01 -1.465946990277098572e-01 2.135369250845290390e-01 2.954889524039561177e-02 2.810767455341062759e-01 2.107391723813213311e-02 2.303199692745531990e-02 4.693059137332129122e-02 1.698261099953420408e-02 1.586958729028028203e-01 -1.304979985931679076e-01 -2.660376310039760245e-02 1.055883992055296344e-01 -1.070228642184891527e-02 -1.182192615025289134e-01 2.391162780379252617e-01
-2.932472154909141437e+01 2.102632897565257153e+01 2.147516697379833062e+01 6.165490167099443752e+00 2.440662809740560135e+01 -9.122478882579319048e+00 -1.555916522965885285e-01 9.757050973667972249e-01 4.595013184586144916e+01 -4.458546986858482342e+01 4.576216172624243406e+00 -6.901342772165789397e-01 5.114381538051557818e-01 2.805895803564737889e+00 3.848242755035248541e-02 -3.809228457577391869e-02 -5.122614781511795889e-02 3.919079173168479174e-02 -7.199897723600776622e-01 -2.440943183094982150e+00 1.866341438881275128e+00 2.300570917874234400e+00 -2.340983197824683337e+00 -7.546045287343343400e-02 1.656098318315808379e-02 2.860597229510468686e-01 -3.005087897534971519e-01 9.906948978585129462e-01 -5.021237746123539958e-02 3.007172842751800190e-01 -1.449380841992805868e-01 5.469397733076500678e+00 -9.033959835490122936e-01 -3.001132257552599825e+00 2.382347900948101616e-01 8.778820154900476846e-02 7.879446768992451888e-01 -6.263298948842297431e-01 -1.069724454366729333e-01 4.371235898342243353e-01 -4.338448469847337036e-02 -1.226403320825554477e+00 2.625258296418735426e+00
1.113956405777007319e+01 -7.991779847813953452e+00 -8.150824167082559413e+00 -2.340596693352436031e+00 -9.122478882579319048e+00 3.440927396946579453e+00 6.334571702589515685e-02 -3.700308534307798491e-01 -1.742288067200500734e+01 1.690192352256818964e+01 -1.733299038761087596e+00 1.605112773385443115e-01 -1.448951425438780582e-01 -9.055595938399773059e-01 -3.209835424760916836e-03 3.087116749020374362e-03 1.196170071687633826e-02 -8.656683791486104174e-03 2.687006744389096036e-01 8.492131236288936735e-01 -6.126332559477264406e-01 -8.675570212963660266e-01 8.752521627270922755e-01 2.822864939796273717e-02 -6.044588239454574269e-03 -7.712866654435737712e-02 8.130747521592353311e-02 -3.780128240956843744e-01 3.639874343111678540e-02 -1.297217754387620936e-01 4.462435098518510029e-02 -1.871613167418369139e+00 2.996323683489001688e-01 9.960007960694291507e-01 -8.381462064485091512e-02 -2.961070802871443308e-02 -2.713517133703546858e-01 2.182792115915029030e-01 4.068062766804472763e-02 -1.611983900561363703e-01 1.624040920787757705e-02 4.256255264855006160e-01 -8.956241009702572420e-01
1.390873669603258367e-01 -9.890580066819487648e-02 -1.014130459395437001e-01 -3.559765289263227411e-02 -1.555916522965885285e-01 6.334571702589515685e-02 2.261065419102164728e-02 -4.564298517606747881e-03 -2.153623953000242119e-01 2.013906231651726719e-01 -1.869016758725160210e-02 8.047444485347884924e-02 -2.070133693045075191e-02 -3.305292789440506668e-02 -1.076496061537988297e-02 1.075248396566495616e-02 3.299849836280057021e-03 -2.926261753589688361e-03 4.063057653635388997e-03 1.989496413936791760e-02 -6.197537630880585111e-03 -1.155043809933562968e-02 7.911516770478932772e-03 2.823027281584561204e-04 -8.958274530846926215e-06 3.655341299575558256e-03 -3.138571350395260705e-03 -1.585803648566820601e-02 5.058274679947419306e-03 -6.333299724598119053e-03 -1.793610581233635393e-03 -2.210969139907754608e-02 3.352160782029957580e-03 1.124729329043972804e-02 -1.089302403287139469e-03 -3.623342663022230208e-04 -3.512285180989054879e-03 2.885720241645301897e-03 7.456735524829909709e-04 -2.069858107432724983e-03 2.217807053291512666e-04 7.211529664226686183e-03 -1.964300158454936052e-02
-1.283583897708330479e+00 9.215843510913062087e-01 9.367877234888015714e-01 2.675712313923962471e-01 9.757050973667972249e-01 -3.700308534307798491e-01 -4.564298517606747881e-03 4.340504791319426542e-02 1.992875055307576693e+00 -1.936514713047017278e+00 2.002647436618525678e-01 2.763009285588322386e-02 4.056282468308101095e-03 4.805347196414794242e-02 -9.235292528632598613e-03 9.244889909985006676e-03 4.877970180120435765e-05 -1.422592957469722081e-04 -3.005429141346889835e-02 -8.836705258620729253e-02 6.021753389715567284e-02 9.825975002709692874e-02 -9.851882470425823990e-02 -3.451834892508864102e-03 9.310450671552812554e-04 -2.529434694973335326e-02 2.626633067927430787e-02 4.461099431429989270e-02 -2.219748995669652142e-02 3.121967412119429006e-02 5.025786036837853049e-03 3.218636231904352385e-02 6.212307602328266502e-03 1.239801466679715802e-02 7.417991590051855981e-03 2.660672912834939792e-03 2.487650639143575149e-02 -2.046944540109922259e-02 -4.127353217092965404e-03 1.671397209354546359e-02 -1.689621273685428578e-03 -1.658730192424782632e-02 3.341315670327076048e-02
-6.029648331361498492e+01 4.334614707850820281e+01 4.406668357615475173e+01 1.250985089583994991e+01 4.595013184586144916e+01 -1.742288067200500734e+01 -2.153623953000242119e-01 1.992875055307576693e+00 9.375351237507292979e+01 -9.103073240871604810e+01 9.426779709559870213e+00 1.257341719091916499e+00 2.047521750900523629e-01 2.309644755153558826e+00 -4.266715004979527714e-01 4.271284635977669053e-01 8.456080623840634899e-04 -5.493869287787399996e-03 -1.413799390918370591e+00 -4.157223361249018367e+00 2.844584323726575104e+00 4.622979392270161192e+00 -4.639138420302963972e+00 -1.504434316922865222e-01 3.192834085425672735e-02 -1.137965770055881620e+00 1.192476277083276415e+00 2.055926833064145587e+00 -1.020457485009763188e+00 1.447518629811186841e+00 2.221593012139707057e-01 1.708843734327176289e+00 2.494828185970432433e-01 4.506360894889286373e-01 3.510486094653737510e-01 1.255677464450717373e-01 1.173712560467154331e+00 -9.655046904579912548e-01 -1.943374483366528405e-01 7.880522471068447388e-01 -7.967485667722017106e-02 -8.128732271068532800e-01 1.639702954068914975e+00
5.858323814773106619e+01 -4.211543941830898063e+01 -4.281260467591189922e+01 -1.214714914197304907e+01 -4.458546986858482342e+01 1.690192352256818964e+01 2.013906231651726719e-01 -1.936514713047017278e+00 -9.103073240871604810e+01 8.840674038412252855e+01 -9.160698647656667859e+00 -1.273898890364295600e+00 -1.893759957832351626e-01 -2.195637121466202935e+00 4.291194128800274177e-01 -4.295615514786584876e-01 -1.786223117443359702e-03 6.077518955237206678e-03 1.372382323278492633e+00 4.034391932853671925e+00 -2.766059471584684015e+00 -4.488002615712351151e+00 4.506019036219711893e+00 1.464496539881098014e-01 -3.137527126512657666e-02 1.154552210415309199e+00 -1.213374882392574516e+00 -1.990511406451943577e+00 1.036048038223935208e+00 -1.456609938844908969e+00 -2.346737928511384297e-01 -1.408951042282115873e+00 -3.017371187816305644e-01 -6.190509436026797596e-01 -3.406289253543743345e-01 -1.220364555249895955e-01 -1.140531688765096252e+00 9.380734301389602736e-01 1.886798219864912751e-01 -7.645357838182363919e-01 7.721012095266538422e-02 7.428533657287954561e-01 -1.496403455544822236e+00
-6.091071693009177501e+00 4.381839811856372613e+00 4.451113918819718407e+00 1.256624833748470227e+00 4.576216172624243406e+00 -1.733299038761087596e+00 -1.869016758725160210e-02 2.002647436618525678e-01 9.426779709559870213e+00 -9.160698647656667859e+00 9.536712954675823362e-01 1.765801254855377256e-01 1.114027021327394437e-02 1.770125797905317544e-01 -5.729066527504090428e-02 5.733495694765085998e-02 8.494858762793935317e-04 -1.100049480771272915e-03 -1.421170184525309133e-01 -4.186445469061149116e-01 2.895301679237413661e-01 4.646297292080864838e-01 -4.674086050814095228e-01 -1.511024893732222825e-02 3.188940896448090589e-03 -1.731772225201522464e-01 1.838053805687208664e-01 2.054493278461849148e-01 -1.477454268400004156e-01 1.914305382564591429e-01 4.418244439318905203e-02 -1.241091810818408941e-01 9.322760413571923310e-02 2.538091668895530173e-01 3.414487543348215803e-02 1.269429458012225759e-02 1.184698881625011191e-01 -9.722082077089463925e-02 -1.939609850404761665e-02 7.795182155961324910e-02 -7.794363348318245240e-03 -2.920383290861837400e-02 5.701145107542966023e-02
-1.123962998299358862e+00 8.601857551454967776e-01 7.843408476307264232e-01 1.454338475347672632e-01 -6.901342772165789397e-01 1.605112773385443115e-01 8.047444485347884924e-02 2.763009285588322386e-02 1.257341719091916499e+00 -1.273898890364295600e+00 1.765801254855377256e-01 1.570270456296921191e+00 -4.328721459668689042e-01 -1.510887687719044692e+00 -2.992688574224597886e-01 2.990906548260086062e-01 5.638248255126468433e-02 -4.694976485771194807e-02 4.454772021834291391e-03 2.749552584251114262e-01 -2.795941661180228466e-01 3.174787092940983824e-02 -3.048248216862208329e-02 -1.311802059786772688e-03 2.434672753502441570e-04 -8.780087824783474604e-01 9.348564706624881149e-01 1.479821879322546982e-02 -5.561700859417615384e-01 5.359722499743805324e-01 2.918884020380831390e-01 -4.691385419293843562e+00 1.058394598953504850e+00 3.297514655813928552e+00 -5.000054712189102440e-02 -1.545935373159659440e-02 -1.229880380922900723e-01 8.826096955550943868e-02 5.502209858925611284e-03 -3.234665659439347335e-02 3.037226992578581468e-03 8.390480734174633470e-01 -1.834938025947557838e+00
-4.408022984721028659e-02 1.493755250934227299e-02 4.838445131444508995e-02 3.166602174385618751e-02 5.114381538051557818e-01 -1.448951425438780582e-01 -2.070133693045075191e-02 4.056282468308101095e-03 2.047521750900523629e-01 -1.893759957832351626e-01 1.114027021327394437e-02 -4.328721459668689042e-01 1.499968760764973374e-01 4.730750056684972504e-01 6.925264375782527737e-02 -6.918021063789514535e-02 -2.146479065011832471e-02 1.798981337707408409e-02 -1.231948712241683237e-02 -1.721649287459077193e-01 1.888384669689083806e-01 2.053873621307819586e-02 -2.895994279220848525e-02 -8.579606317187085445e-04 3.420804076079778924e-04 1.846323424133987090e-01 -1.963285465440107458e-01 7.669768500979792791e-03 1.145816565647711088e-01 -1.067644020023462148e-01 -6.301453111099668269e-02 1.061372159271320115e+00 -2.336747181954771935e-01 -7.374708327567452981e-01 1.714944982927660982e-02 7.349684679914984115e-03 5.633955595194943544e-02 -4.059630915252927102e-02 -1.458401241381289534e-03 1.426319470992239158e-02 -1.145486758052342065e-03 -1.974263892038378709e-01 4.495046312063450400e-01
-1.067950554981020206e+00 6.967531605272706541e-01 8.364518086782208872e-01 3.228644042115839663e-01 2.805895803564737889e+00 -9.055595938399773059e-01 -3.305292789440506668e-02 4.805347196414794242e-02 2.309644755153558826e+00 -2.195637121466202935e+00 1.770125797905317544e-01 -1.510887687719044692e+00 4.730750056684972504e-01 2.016310016508924274e+00 2.990058062789497928e-01 -2.988064414565061999e-01 -5.879543245696233766e-02 4.735548101718958097e-02 -6.576523668108091858e-02 -5.708927169423769765e-01 6.092325519029644365e-01 1.530461116586740167e-01 -1.868214823970505423e-01 -5.604912747540478392e-03 1.810945892044159462e-03 1.059213618925876510e+00 -1.125325950942519970e+00 3.491112623123580200e-02 6.581404592872706072e-01 -6.126154537777387388e-01 -3.607049267618993027e-01 5.958908808730453366e+00 -1.314770004630212652e+00 -4.120726142419905536e+00 8.291142950286885249e-02 2.907561141360898507e-02 2.342880784077141787e-01 -1.723124428556082333e-01 -1.333270268376135492e-02 7.716579104756163265e-02 -7.132303157665490466e-03 -1.080469669594438686e+00 2.351849150303891189e+00
3.532370125494647128e-01 -2.651594718478005874e-01 -2.523385266365029134e-01 -5.227773263210731131e-02 3.848242755035248541e-02 -3.209835424760916836e-03 -1.076496061537988297e-02 -9.235292528632598613e-03 -4.266715004979527714e-01 4.291194128800274177e-01 -5.729066527504090428e-02 -2.992688574224597886e-01 6.925264375782527737e-02 2.990058062789497928e-01 9.071841637687724780e-02 -9.069605966013362386e-02 -7.880741298842525513e-03 6.338867955985428605e-03 2.796815341049395994e-03 -2.151560631320340033e-02 1.549633710321159444e-02 -1.563163220264517442e-02 1.896546362615270098e-02 6.514821325957005811e-04 -1.747657953113302320e-04 2.416793721651364912e-01 -2.574264547497559508e-01 -1.066557749421416165e-02 1.545775227761489456e-01 -1.510040734371151938e-01 -7.934772946754066469e-02 1.239154272523860678e+00 -2.832673553354053686e-01 -8.755435729816640755e-01 9.163415154332362270e-03 1.946277706048549000e-03 1.652003446328205102e-02 -1.201918750314216223e-02 -1.504154571148541824e-03 5.514425225871083004e-03 -6.753119621402193292e-04 -2.192138896646553814e-01 4.666495374638138793e-01
-3.534890479294969245e-01 2.653307229819446555e-01 2.525361066106731611e-01 5.234008706735291533e-02 -3.809228457577391869e-02 3.087116749020374362e-03 1.075248396566495616e-02 9.244889909985006676e-03 4.271284635977669053e-01 -4.295615514786584876e-01 5.733495694765085998e-02 2.990906548260086062e-01 -6.918021063789514535e-02 -2.988064414565061999e-01 -9.069605966013362386e-02 9.067379906235749354e-02 7.855626673433624071e-03 -6.317176281887524475e-03 -2.809149140295421482e-03 2.132800782607669268e-02 -1.529791896593248914e-02 1.565926122455880976e-02 -1.899537948714595872e-02 -6.521398540561507097e-04 1.748213629667334367e-04 -2.416492120947621169e-01 2.573942308162874837e-01 1.067940163381822342e-02 -1.545607751530297946e-01 1.509908434583130399e-01 7.933667911474108492e-02 -1.238923322678520567e+00 2.832201223714067573e-01 8.753901122280890457e-01 -9.156652884042163626e-03 -1.941807277788095082e-03 -1.648769127128787287e-02 1.199552904894391793e-02 1.503699008377488641e-03 -5.506222728322671990e-03 6.746617503012799924e-04 2.191610552400283241e-01 -4.665078251230996842e-01
-1.422790803365015649e-02 1.334000519009269706e-02 6.403484785544610348e-03 -4.889672424606460524e-04 -5.122614781511795889e-02 1.196170071687633826e-02 3.299849836280057021e-03 4.877970180120435765e-05 8.456080623840634899e-04 -1.786223117443359702e-03 8.494858762793935317e-04 5.638248255126468433e-02 -2.146479065011832471e-02 -5.879543245696233766e-02 -7.880741298842525513e-03 7.855626673433624071e-03 7.340830228189458226e-03 -6.328237565184894123e-03 1.577390062437336680e-03 4.961856711891615701e-02 -5.477556186192673870e-02 -1.388861252678588905e-03 2.049652611004710700e-03 2.200271447687955292e-06 7.359696095208170994e-06 -1.353561668811713650e-02 1.442991109949513275e-02 -9.753898568707680336e-04 -8.353788760999859495e-03 7.799615745719463804e-03 4.601925638383930553e-03 -8.041761252331748600e-02 1.769286235188959402e-02 5.641454686503129257e-02 -1.587264492466877947e-03 -1.161409449089554355e-03 -8.039235652675325722e-03 5.726464176186911101e-03 -1.292796341633758582e-04 -1.336283447474488411e-03 8.336390907368691414e-05 1.701472293727737325e-02 -4.479939205697432147e-02
1.444395697101846787e-02 -1.291749307011477894e-02 -7.238442720875805543e-03 -2.280177492667113471e-04 3.919079173168479174e-02 -8.656683791486104174e-03 -2.926261753589688361e-03 -1.422592957469722081e-04 -5.493869287787399996e-03 6.077518955237206678e-03 -1.100049480771272915e-03 -4.694976485771194807e-02 1.798981337707408409e-02 4.735548101718958097e-02 6.338867955985428605e-03 -6.317176281887524475e-03 -6.328237565184894123e-03 5.473463064649687973e-03 -1.237779493690588676e-03 -4.146989675876896347e-02 4.580656017775104616e-02 9.020727111028572272e-04 -1.418359639979313580e-03 1.096918869255191227e-05 -1.135428174903245369e-05 9.651000651515530618e-03 -1.029552964221050124e-02 8.172831630663320588e-04 5.939197027687170491e-03 -5.535269921579049832e-03 -3.287357674561394456e-03 5.833331311587507811e-02 -1.280282110892125985e-02 -4.100363213296383258e-02 1.241581876046800922e-03 9.523879713149761101e-04 6.546683714353514899e-03 -4.651056613471976110e-03 1.344582695426053097e-04 1.019139235549128449e-03 -5.861541233644274778e-05 -1.267340659760462368e-02 3.439483212017853397e-02
9.030423895516542787e-01 -6.476897624253517005e-01 -6.621500835109548344e-01 -1.887018466784423643e-01 -7.199897723600776622e-01 2.687006744389096036e-01 4.063057653635388997e-03 -3.005429141346889835e-02 -1.413799390918370591e+00 1.372382323278492633e+00 -1.421170184525309133e-01 4.454772021834291391e-03 -1.231948712241683237e-02 -6.576523668108091858e-02 2.796815341049395994e-03 -2.809149140295421482e-03 1.577390062437336680e-03 -1.237779493690588676e-03 2.468979286542379720e-02 9.670505556442800243e-02 -7.592494512146602537e-02 -7.459617937527864007e-02 7.603549936259200448e-02 2.437797324723476201e-03 -5.648678295549356332e-04 1.385950674918117256e-02 -1.437168019290686535e-02 -3.136235101131484154e-02 1.344295458259821968e-02 -1.970764301691942805e-02 -2.329038350406558225e-03 -5.369767112805628323e-02 2.751684007423682229e-03 1.629027355159823331e-02 -6.865404063014762977e-03 -3.592055210505905056e-03 -3.099709752422945622e-02 2.379640791632123276e-02 3.140889133910821675e-03 -1.370627842931583344e-02 1.265218503911805974e-03 2.117529191943373981e-02 -4.947640356353479041e-02
2.519766618703641381e+00 -1.773156177909058551e+00 -1.900956007300095951e+00 -5.550004622927532383e-01 -2.440943183094982150e+00 8.492131236288936735e-01 1.989496413936791760e-02 -8.836705258620729253e-02 -4.157223361249018367e+00 4.034391932853671925e+00 -4.186445469061149116e-01 2.749552584251114262e-01 -1.721649287459077193e-01 -5.708927169423769765e-01 -2.151560631320340033e-02 2.132800782607669268e-02 4.961856711891615701e-02 -4.146989675876896347e-02 9.670505556442800243e-02 1.047689714995513111e+00 -1.033148816721124241e+00 -2.399359857951811614e-01 2.417997555353101902e-01 5.764938772172544489e-03 -5.903474933755606391e-04 5.041750736176742187e-02 -5.195106409765547911e-02 -9.704559421284073006e-02 4.645242272414523005e-02 -6.381667769780753618e-02 -1.014115764026508014e-02 -1.764944407661067360e-01 1.211271853677616146e-02 7.925244116599704236e-02 -2.958961437485719756e-02 -2.487607267522154095e-02 -1.857503203684903181e-01 1.364021480975568523e-01 4.890635063815863999e-03 -5.027769435409078225e-02 3.905643581944392290e-03 1.060228936934998062e-01 -3.258267155452037045e-01
-1.653101897560172340e+00 1.142445253479700051e+00 1.276705466169806291e+00 3.788488646958763639e-01 1.866341438881275128e+00 -6.126332559477264406e-01 -6.197537630880585111e-03 6.021753389715567284e-02 2.844584323726575104e+00 -2.766059471584684015e+00 2.895301679237413661e-01 -2.795941661180228466e-01 1.888384669689083806e-01 6.092325519029644365e-01 1.549633710321159444e-02 -1.529791896593248914e-02 -5.477556186192673870e-02 4.580656017775104616e-02 -7.592494512146602537e-02 -1.033148816721124241e+00 1.139569438187098438e+00 1.705899945296727727e-01 -2.086686599684159371e-01 -4.576290286062441315e-03 8.597467424042290127e-04 -4.668125643892517829e-02 4.971331649488799909e-02 6.325957111656310694e-02 -4.137156719809834821e-02 5.589892956553536157e-02 9.589044506460683848e-03 9.813208310073771867e-02 1.276517630190217734e-03 -3.800844123434471422e-02 2.756001338053576041e-02 2.734085699777362086e-02 1.974114568954577209e-01 -1.423707259283560345e-01 -2.564712049369300339e-04 4.242079749527400551e-02 -2.834835437005712826e-03 -8.229934949563870450e-02 2.831186930283767222e-01
-2.967724195487809524e+00 2.132138720911036511e+00 2.170826061451381239e+00 6.169811243342817608e-01 2.300570917874234400e+00 -8.675570212963660266e-01 -1.155043809933562968e-02 9.825975002709692874e-02 4.622979392270161192e+00 -4.488002615712351151e+00 4.646297292080864838e-01 3.174787092940983824e-02 2.053873621307819586e-02 1.530461116586740167e-01 -1.563163220264517442e-02 1.565926122455880976e-02 -1.388861252678588905e-03 9.020727111028572272e-04 -7.459617937527864007e-02 -2.399359857951811614e-01 1.705899945296727727e-01 2.370460354877845788e-01 -2.384563438026273130e-01 -7.671029531498275295e-03 1.682195394780390063e-03 -4.704895238222255027e-02 4.902862358250623803e-02 1.016571368662923108e-01 -4.480489216912284661e-02 6.568705832442563175e-02 8.060419691328793781e-03 1.471868903542515594e-01 -2.274369899366112009e-03 -2.697216790543936760e-02 1.966635223448199438e-02 8.623023239863979866e-03 7.830816461901494996e-02 -6.185476556817402771e-02 -1.065708795177440146e-02 4.185519336398921264e-02 -4.070760155642231398e-03 -5.608813976890499736e-02 1.208322752306804221e-01
2.971969336299399078e+00 -2.132857654733777419e+00 -2.176275025895865411e+00 -6.188029507509158478e-01 -2.340983197824683337e+00 8.752521627270922755e-01 7.911516770478932772e-03 -9.851882470425823990e-02 -4.639138420302963972e+00 4.506019036219711893e+00 -4.674086050814095228e-01 -3.048248216862208329e-02 -2.895994279220848525e-02 -1.868214823970505423e-01 1.896546362615270098e-02 -1.899537948714595872e-02 2.049652611004710700e-03 -1.418359639979313580e-03 7.603549936259200448e-02 2.417997555353101902e-01 -2.086686599684159371e-01 -2.384563438026273130e-01 2.559329240121126503e-01 8.290143650644643883e-03 -2.107946977308526940e-03 5.048447613401180201e-02 -5.321832416432144275e-02 -1.002966904191525260e-01 4.775083858422747574e-02 -6.989296860015487001e-02 -8.622885615697595610e-03 -1.403534135954480899e-01 -1.118090250075470717e-03 1.997808762309178157e-02 -2.171606951473602568e-02 -1.098339467673179436e-02 -9.564198625644351748e-02 7.383549437614841948e-02 1.018562933725402839e-02 -4.419965639546898084e-02 4.133031100866242993e-03 5.530826815464673363e-02 -1.223365714262199672e-01
9.699053777782878916e-02 -6.937064613478274855e-02 -7.060930148445497545e-02 -2.047994567773956526e-02 -7.546045287343343400e-02 2.822864939796273717e-02 2.823027281584561204e-04 -3.451834892508864102e-03 -1.504434316922865222e-01 1.464496539881098014e-01 -1.511024893732222825e-02 -1.311802059786772688e-03 -8.579606317187085445e-04 -5.604912747540478392e-03 6.514821325957005811e-04 -6.521398540561507097e-04 2.200271447687955292e-06 1.096918869255191227e-05 2.437797324723476201e-03 5.764938772172544489e-03 -4.576290286062441315e-03 -7.671029531498275295e-03 8.290143650644643883e-03 9.372074707952479612e-04 -5.555970116885596390e-04 2.093635085436693685e-03 -2.120262607353489911e-03 -3.564363890351527394e-03 1.758837127892551007e-03 -2.409517675766960094e-03 -4.369741468631772939e-04 -2.262520142372278532e-03 -4.846686849390280773e-04 -8.392943508231586955e-04 -6.228097549999588121e-04 -4.052056136821463399e-04 -2.896555104673023164e-03 2.325833463600335878e-03 2.388781149167074828e-04 -1.349903172549227681e-03 1.299341009795795495e-04 1.440675509472528820e-03 -3.191484621074069418e-03
-2.083530876832274947e-02 1.464801269757362752e-02 1.493407347553598989e-02 4.662025830008641007e-03 1.656098318315808379e-02 -6.044588239454574269e-03 -8.958274530846926215e-06 9.310450671552812554e-04 3.192834085425672735e-02 -3.137527126512657666e-02 3.188940896448090589e-03 2.434672753502441570e-04 3.420804076079778924e-04 1.810945892044159462e-03 -1.747657953113302320e-04 1.748213629667334367e-04 7.359696095208170994e-06 -1.135428174903245369e-05 -5.648678295549356332e-04 -5.903474933755606391e-04 8.597467424042290127e-04 1.682195394780390063e-03 -2.107946977308526940e-03 -5.555970116885596390e-04 3.858088332162305117e-04 -6.737319736180574911e-04 6.342692933355659288e-04 9.608053911686456660e-04 -4.725403844043370551e-04 5.889856703955319338e-04 1.580257287429011803e-04 -2.465146594051261832e-04 2.534324158106235044e-04 6.001269139806257548e-04 1.438276081403316213e-04 1.646062632655853326e-04 9.416297655165384306e-04 -7.535863638748021339e-04 -4.683727716360742756e-06 3.044737569453395080e-04 -2.720565021131767395e-05 -2.486497811643729170e-04 6.403090784441983329e-04
1.041561253864540015e+00 -7.924225417244444847e-01 -7.461148878854546584e-01 -1.329930898879809198e-01 2.860597229510468686e-01 -7.712866654435737712e-02 3.655341299575558256e-03 -2.529434694973335326e-02 -1.137965770055881620e+00 1.154552210415309199e+00 -1.731772225201522464e-01 -8.780087824783474604e-01 1.846323424133987090e-01 1.059213618925876510e+00 2.416793721651364912e-01 -2.416492120947621169e-01 -1.353561668811713650e-02 9.651000651515530618e-03 1.385950674918117256e-02 5.041750736176742187e-02 -4.668125643892517829e-02 -4.704895238222255027e-02 5.048447613401180201e-02 2.093635085436693685e-03 -6.737319736180574911e-04 1.151395944935685645e+00 -1.207365832079505763e+00 -1.194616896833346764e-01 6.666575154058784758e-01 -6.292475039253548896e-01 -3.550684358884549363e-01 5.556842687797597158e+00 -1.262762942039709735e+00 -3.892294395807851970e+00 3.822039200004550413e-02 4.672720684188154047e-03 4.636931858453147148e-02 -3.587982376169739779e-02 -8.779396021928728006e-03 2.640475148890423021e-02 -3.588594349050404538e-03 -9.584671225097106673e-01 1.988826829272425156e+00
-1.112530051556444022e+00 8.464285977390503257e-01 7.962480360927260969e-01 1.431805221949987161e-01 -3.005087897534971519e-01 8.130747521592353311e-02 -3.138571350395260705e-03 2.626633067927430787e-02 1.192476277083276415e+00 -1.213374882392574516e+00 1.838053805687208664e-01 9.348564706624881149e-01 -1.963285465440107458e-01 -1.125325950942519970e+00 -2.574264547497559508e-01 2.573942308162874837e-01 1.442991109949513275e-02 -1.029552964221050124e-02 -1.437168019290686535e-02 -5.195106409765547911e-02 4.971331649488799909e-02 4.902862358250623803e-02 -5.321832416432144275e-02 -2.120262607353489911e-03 6.342692933355659288e-04 -1.207365832079505763e+00 1.275674830103554980e+00 9.232459648291840848e-02 -7.341900959601914689e-01 7.020692150889183969e-01 3.855546944370645268e-01 -5.903782262003788084e+00 1.342153661211748394e+00 4.136892108472598473e+00 -4.042311234309947654e-02 -4.940765250177359472e-03 -4.904598862979868412e-02 3.796044706847362393e-02 9.308062701140727702e-03 -2.800292798391397844e-02 3.812680725742957199e-03 1.019066368505615605e+00 -2.114663457924734313e+00
-1.303704509598809569e+00 9.407776961414607841e-01 9.551431899736966269e-01 2.601873233907073257e-01 9.906948978585129462e-01 -3.780128240956843744e-01 -1.585803648566820601e-02 4.461099431429989270e-02 2.055926833064145587e+00 -1.990511406451943577e+00 2.054493278461849148e-01 1.479821879322546982e-02 7.669768500979792791e-03 3.491112623123580200e-02 -1.066557749421416165e-02 1.067940163381822342e-02 -9.753898568707680336e-04 8.172831630663320588e-04 -3.136235101131484154e-02 -9.704559421284073006e-02 6.325957111656310694e-02 1.016571368662923108e-01 -1.002966904191525260e-01 -3.564363890351527394e-03 9.608053911686456660e-04 -1.194616896833346764e-01 9.232459648291840848e-02 2.408462986056260635e-01 -1.050071521269651219e-02 -2.154098919328397213e-02 2.454296241725556493e-02 -1.094497105795191605e-01 3.909422250913490576e-02 1.130910931688923343e-01 6.917595501262509272e-03 2.620325769820053795e-03 2.427985192577792467e-02 -1.996796377843224404e-02 -3.782026929187883284e-03 1.643382980290688383e-02 -1.631030599117102176e-03 6.853220265810682638e-03 -1.271246547854384262e-02
9.666023280054331090e-01 -7.271281923691846893e-01 -6.915296835538380371e-01 -1.465946990277098572e-01 -5.021237746123539958e-02 3.639874343111678540e-02 5.058274679947419306e-03 -2.219748995669652142e-02 -1.020457485009763188e+00 1.036048038223935208e+00 -1.477454268400004156e-01 -5.561700859417615384e-01 1.145816565647711088e-01 6.581404592872706072e-01 1.545775227761489456e-01 -1.545607751530297946e-01 -8.353788760999859495e-03 5.939197027687170491e-03 1.344295458259821968e-02 4.645242272414523005e-02 -4.137156719809834821e-02 -4.480489216912284661e-02 4.775083858422747574e-02 1.758837127892551007e-03 -4.725403844043370551e-04 6.666575154058784758e-01 -7.341900959601914689e-01 -1.050071521269651219e-02 6.234410449263008136e-01 -6.234582809782847068e-01 -3.123138122632200253e-01 3.507512448369923597e+00 -8.003693681994066278e-01 -2.465340336007638022e+00 2.240596316282223235e-02 2.474387968242790399e-03 2.482962540480460056e-02 -1.901639377007774412e-02 -4.870921686587183219e-03 1.369487750965042369e-02 -1.992877394496599119e-03 -6.041498888216928487e-01 1.253155891019389623e+00
-1.249425022901915261e+00 9.273789315818741219e-01 8.977624292136122675e-01 2.135369250845290390e-01 3.007172842751800190e-01 -1.297217754387620936e-01 -6.333299724598119053e-03 3.121967412119429006e-02 1.447518629811186841e+00 -1.456609938844908969e+00 1.914305382564591429e-01 5.359722499743805324e-01 -1.067644020023462148e-01 -6.126154537777387388e-01 -1.510040734371151938e-01 1.509908434583130399e-01 7.799615745719463804e-03 -5.535269921579049832e-03 -1.970764301691942805e-02 -6.381667769780753618e-02 5.589892956553536157e-02 6.568705832442563175e-02 -6.989296860015487001e-02 -2.409517675766960094e-03 5.889856703955319338e-04 -6.292475039253548896e-01 7.020692150889183969e-01 -2.154098919328397213e-02 -6.234582809782847068e-01 6.522832752408357360e-01 2.961774141646996705e-01 -3.343305304836054148e+00 7.684028102347743028e-01 2.364545756557416389e+00 -1.874907633052920117e-02 -1.545462764656595689e-03 -1.616744280427128561e-02 1.207443436345145317e-02 3.551827452514573144e-03 -8.487921597723773956e-03 1.456465005343230302e-03 5.752446401378095153e-01 -1.193077629063564293e+00
-2.927526145691735082e-01 2.284653515410192681e-01 2.064048710008428156e-01 2.954889524039561177e-02 -1.449380841992805868e-01 4.462435098518510029e-02 -1.793610581233635393e-03 5.025786036837853049e-03 2.221593012139707057e-01 -2.346737928511384297e-01 4.418244439318905203e-02 2.918884020380831390e-01 -6.301453111099668269e-02 -3.607049267618993027e-01 -7.934772946754066469e-02 7.933667911474108492e-02 4.601925638383930553e-03 -3.287357674561394456e-03 -2.329038350406558225e-03 -1.014115764026508014e-02 9.589044506460683848e-03 8.060419691328793781e-03 -8.622885615697595610e-03 -4.369741468631772939e-04 1.580257287429011803e-04 -3.550684358884549363e-01 3.855546944370645268e-01 2.454296241725556493e-02 -3.123138122632200253e-01 2.961774141646996705e-01 1.661288250045883930e-01 -1.856274028343019689e+00 4.197353846709445113e-01 1.295291710466239143e+00 -1.401119562800110657e-02 -1.957268243123995183e-03 -1.900564167296935753e-02 1.469582738812493655e-02 3.310903955417775733e-03 -1.044425833006829701e-02 1.347851335921161501e-03 3.201275509865434965e-01 -6.648741718902275721e-01
5.915189620428412676e-01 -6.523500149861339859e-01 -3.377285765483990509e-01 2.810767455341062759e-01 5.469397733076500678e+00 -1.871613167418369139e+00 -2.210969139907754608e-02 3.218636231904352385e-02 1.708843734327176289e+00 -1.408951042282115873e+00 -1.241091810818408941e-01 -4.691385419293843562e+00 1.061372159271320115e+00 5.958908808730453366e+00 1.239154272523860678e+00 -1.238923322678520567e+00 -8.041761252331748600e-02 5.833331311587507811e-02 -5.369767112805628323e-02 -1.764944407661067360e-01 9.813208310073771867e-02 1.471868903542515594e-01 -1.403534135954480899e-01 -2.262520142372278532e-03 -2.465146594051261832e-04 5.556842687797597158e+00 -5.903782262003788084e+00 -1.094497105795191605e-01 3.507512448369923597e+00 -3.343305304836054148e+00 -1.856274028343019689e+00 2.925091969781313850e+01 -6.573731753603054173e+00 -2.034314969844918508e+01 2.579198319303133147e-01 4.281330545691190703e-02 4.037410939101723772e-01 -3.117107691344616072e-01 -6.159250274481357923e-02 2.153673569942208821e-01 -2.541125160667789470e-02 -5.080613529395096251e+00 1.059326961226458685e+01
-5.452559347961506431e-01 4.430093503404925470e-01 3.776638461550571035e-01 2.107391723813213311e-02 -9.033959835490122936e-01 2.996323683489001688e-01 3.352160782029957580e-03 6.212307602328266502e-03 2.494828185970432433e-01 -3.017371187816305644e-01 9.322760413571923310e-02 1.058394598953504850e+00 -2.336747181954771935e-01 -1.314770004630212652e+00 -2.832673553354053686e-01 2.832201223714067573e-01 1.769286235188959402e-02 -1.280282110892125985e-02 2.751684007423682229e-03 1.211271853677616146e-02 1.276517630190217734e-03 -2.274369899366112009e-03 -1.118090250075470717e-03 -4.846686849390280773e-04 2.534324158106235044e-04 -1.262762942039709735e+00 1.342153661211748394e+00 3.909422250913490576e-02 -8.003693681994066278e-01 7.684028102347743028e-01 4.197353846709445113e-01 -6.573731753603054173e+00 1.485160416223240354e+00 4.591179891613625053e+00 -5.371871608996280079e-02 -8.480436099418517740e-03 -8.045512656006124919e-02 6.190649009477532799e-02 1.257347144339812997e-02 -4.278942743187286873e-02 5.202210091702485530e-03 1.141304880727911586e+00 -2.378076844815935509e+00
-1.478240771889961724e+00 1.221467913827486651e+00 1.013574628976925629e+00 2.303199692745531990e-02 -3.001132257552599825e+00 9.960007960694291507e-01 1.124729329043972804e-02 1.239801466679715802e-02 4.506360894889286373e-01 -6.190509436026797596e-01 2.538091668895530173e-01 3.297514655813928552e+00 -7.374708327567452981e-01 -4.120726142419905536e+00 -8.755435729816640755e-01 8.753901122280890457e-01 5.641454686503129257e-02 -4.100363213296383258e-02 1.629027355159823331e-02 7.925244116599704236e-02 -3.800844123434471422e-02 -2.697216790543936760e-02 1.997808762309178157e-02 -8.392943508231586955e-04 6.001269139806257548e-04 -3.892294395807851970e+00 4.136892108472598473e+00 1.130910931688923343e-01 -2.465340336007638022e+00 2.364545756557416389e+00 1.295291710466239143e+00 -2.034314969844918508e+01 4.591179891613625053e+00 1.420574467043921985e+01 -1.731135464335875340e-01 -2.871274048886898397e-02 -2.688470718646868707e-01 2.057505971689310154e-01 3.932563020413377269e-02 -1.376450713130006609e-01 1.635695694048966420e-02 3.534111252886611876e+00 -7.375271059379884697e+00
-2.129923825882957533e-01 1.506849262849660476e-01 1.576996658051424693e-01 4.693059137332129122e-02 2.382347900948101616e-01 -8.381462064485091512e-02 -1.089302403287139469e-03 7.417991590051855981e-03 3.510486094653737510e-01 -3.406289253543743345e-01 3.414487543348215803e-02 -5.000054712189102440e-02 1.714944982927660982e-02 8.291142950286885249e-02 9.163415154332362270e-03 -9.156652884042163626e-03 -1.587264492466877947e-03 1.241581876046800922e-03 -6.865404063014762977e-03 -2.958961437485719756e-02 2.756001338053576041e-02 1.966635223448199438e-02 -2.171606951473602568e-02 -6.228097549999588121e-04 1.438276081403316213e-04 3.822039200004550413e-02 -4.042311234309947654e-02 6.917595501262509272e-03 2.240596316282223235e-02 -1.874907633052920117e-02 -1.401119562800110657e-02 2.579198319303133147e-01 -5.371871608996280079e-02 -1.731135464335875340e-01 6.482994367706074526e-03 1.866386020440172818e-03 1.589332510009848487e-02 -1.182541201658753906e-02 -1.168704685623346085e-03 6.142739161478660663e-03 -5.211084884323026857e-04 -4.629077853652968644e-02 1.020183607574163681e-01
-7.963903705758931806e-02 5.648391246253238462e-02 5.944215685007271655e-02 1.698261099953420408e-02 8.778820154900476846e-02 -2.961070802871443308e-02 -3.623342663022230208e-04 2.660672912834939792e-03 1.255677464450717373e-01 -1.220364555249895955e-01 1.269429458012225759e-02 -1.545935373159659440e-02 7.349684679914984115e-03 2.907561141360898507e-02 1.946277706048549000e-03 -1.941807277788095082e-03 -1.161409449089554355e-03 9.523879713149761101e-04 -3.592055210505905056e-03 -2.487607267522154095e-02 2.734085699777362086e-02 8.623023239863979866e-03 -1.098339467673179436e-02 -4.052056136821463399e-04 1.646062632655853326e-04 4.672720684188154047e-03 -4.940765250177359472e-03 2.620325769820053795e-03 2.474387968242790399e-03 -1.545462764656595689e-03 -1.957268243123995183e-03 4.281330545691190703e-02 -8.480436099418517740e-03 -2.871274048886898397e-02 1.866386020440172818e-03 3.072255195222644338e-03 2.385585577554826323e-02 -1.704926605743679532e-02 -1.317752166470883895e-03 2.866227809287053008e-03 -2.057163528555078268e-04 -9.891426223581245569e-03 2.418754449364209774e-02
