7.744587725832855085e+01 7.780329695055139894e+01 -7.744587778207959161e+01 2.202586126118843968e+00 -2.222451933670950286e+00 3.656266737738297912e-01 -3.649144431862174631e-01 1.593998683038241104e+00 -1.584581957089901572e+00 -1.670132310801545561e+00 1.669203090917988686e+00 4.565903160529233978e-02 -4.015605574765087477e-02 -1.876142285537216736e+01 1.834238978533226572e+01 -1.522039701209726843e+02 9.787422478226974931e+01 3.610329726128365113e+00 3.340429049533176098e+00 1.618400223016290695e+01 -1.608669771957186967e+01 -8.434566439582624753e-02 -3.420949152220241762e-01 7.702941664419922507e-02 -6.910096246528199017e-03 -2.259893824268352502e-01 9.510807748678329787e+00 -9.614476046769407924e-01 4.646547324702693382e-01 -1.656835598085994732e-01 -1.403088543764206220e+00 6.271189648716833931e-01 -2.024100831608239559e-01 -1.695999222169725443e-03 -1.237899066020318628e+00 -7.667990994914467007e-02 -8.100475217927353810e+00 1.350726659150689386e+02 1.368257678898268312e-02 1.986556169098968247e-02 -1.541379254904162943e+00 -7.091519773726277787e-02 -8.188500546043545825e+00 7.843683429316189448e-02 -1.553527001252187345e+00 8.049445335543727043e-04 -2.149578208784366177e-03 -3.004425831718181561e-01 -3.148498661703588386e+00 -1.484544703424971746e-01 -6.519894883333145685e+01 -2.382368468541108306e-04 -1.511140705565553466e+00 -1.386113208082754289e+00
7.780329695055139894e+01 7.816236616689484151e+01 -7.780329747671979135e+01 2.212759299456596551e+00 -2.232716749668100853e+00 3.673140775135984026e-01 -3.665985597532186446e-01 1.601350699995409466e+00 -1.591890535285015229e+00 -1.677834819615530826e+00 1.676901314842478286e+00 4.586971697237770401e-02 -4.034134524456300247e-02 -1.884801405594976131e+01 1.842704698497962212e+01 -1.529064501456522578e+02 9.832595205661485238e+01 3.626993067002354909e+00 3.355846284013221492e+00 1.625870100372193505e+01 -1.616094717226173927e+01 -8.473474629158989080e-02 -3.436726682091132967e-01 7.738485611509225703e-02 -6.941982828225646239e-03 -2.270324042655412489e-01 9.554704019607276777e+00 -9.658850463365615813e-01 4.667981899430664883e-01 -1.664475465862622627e-01 -1.409559686530803990e+00 6.300111565316338647e-01 -2.033441655331012232e-01 -1.703826390084784651e-03 -1.243612464600080569e+00 -7.703381734572030404e-02 -8.137862034961088398e+00 1.356960780730106819e+02 1.374572685196497578e-02 1.995724945304933745e-02 -1.548493317590620810e+00 -7.124247754301965552e-02 -8.226293557637484710e+00 7.879884614150668709e-02 -1.560697043663749284e+00 8.086595339040627628e-04 -2.159499287046758378e-03 -3.018284208491656129e-01 -3.163029659127105209e+00 -1.491392681620048732e-01 -6.549986675083037824e+01 -2.393365575833712256e-04 -1.518110242744295846e+00 -1.392508648057442011e+00
-7.744587778207959161e+01 -7.780329747671979135e+01 7.744587830583067500e+01 -2.202586152482261639e+00 2.222451960203340349e+00 -3.656266683391277694e-01 3.649144377505100789e-01 -1.593998701102346205e+00 1.584581974974520469e+00 1.670132315800866296e+00 -1.669203095918200486e+00 -4.565903577813217734e-02 4.015605948689943139e-02 1.876142299596005714e+01 -1.834238992275803781e+01 1.522039712019802664e+02 -9.787422548294382807e+01 -3.610329738529978183e+00 -3.340429072255906018e+00 -1.618400235880387328e+01 1.608669784661351443e+01 8.434566462876327830e-02 3.420949161942434258e-01 -7.702941795479993636e-02 6.910096662656756844e-03 2.259893833230499915e-01 -9.510807808984186096e+00 9.614476118463733956e-01 -4.646547343825660481e-01 1.656835601643828759e-01 1.403088548145973613e+00 -6.271189661147880123e-01 2.024101002831361629e-01 1.695999362777627500e-03 1.237899073979677356e+00 7.667991053520370470e-02 8.100475275890296700e+00 -1.350726668754242326e+02 -1.368257686734272553e-02 -1.986556189995076008e-02 1.541379266418941185e+00 7.091519944605756409e-02 8.188500601195503492e+00 -7.843683445349629302e-02 1.553527004575754544e+00 -8.049445293174388753e-04 2.149578224570215801e-03 3.004425839774106932e-01 3.148498682840847440e+00 1.484544708094120424e-01 6.519894928054490890e+01 2.382368487798675039e-04 1.511140710496530870e+00 1.386113214210664246e+00
2.202586126118843968e+00 2.212759299456596551e+00 -2.202586152482261639e+00 2.887650483666654555e+00 -2.875813057276175755e+00 -9.070201101737385141e-01 9.066136649654426005e-01 -1.305620026037378256e+00 1.295007897563529298e+00 6.709021518684872287e-01 -6.704887280127302951e-01 -1.786493982160043958e-01 1.611956411960230595e-01 -1.173405242023225270e+00 1.146543118764348668e+00 -9.589423022557227227e+00 6.150854922276299597e+00 2.126528702970545692e-01 2.184886738274227913e-01 -1.476607673994738690e-01 1.337788828192999768e-01 -5.796976788870569254e-03 6.109935682233514492e-02 -5.692566364872525542e-02 1.716658707816324722e-02 -1.415121266790646433e-02 6.617389942812123005e-01 -6.276908236661432605e-02 -1.854010730108481553e-01 1.134311974074342921e-01 4.912090931884385836e-01 -2.694809566699955528e-01 7.018327833670782168e-01 5.588116805607622889e-03 -8.278809747671027341e-02 -4.727640044675364937e-03 -5.128694399933015902e-01 8.447971178298434580e+00 8.064503983237625425e-04 1.378066206319573895e-03 -9.823776481158619234e-02 -5.551927407449849805e-03 -5.233613626375827055e-01 -3.826296561103628008e-02 7.471877449979841268e-01 -1.098056193127822794e-03 -1.210592057378192990e-04 5.871678731344160546e-02 -1.214798443875351602e-01 2.665154296702254219e-02 -4.020068793703158505e+00 -1.104607775552518301e-04 1.035197495887082653e+00 -1.636588143392606401e-02
-2.222451933670950286e+00 -2.232716749668100853e+00 2.222451960203340349e+00 -2.875813057276175755e+00 2.864067266179227023e+00 9.067085854467602513e-01 -9.063023535043036594e-01 1.296391688590592395e+00 -1.285864390058296891e+00 -6.674421137985203645e-01 6.670312177144258614e-01 1.772325985294348760e-01 -1.599181206457863658e-01 1.175523899217498336e+00 -1.148616435119306001e+00 9.606270074604383424e+00 -6.161739039681953578e+00 -2.129083438116437799e-01 -2.189043688468747251e-01 1.407521282421171083e-01 -1.270812225371432957e-01 5.780899289492201845e-03 -6.091080439573897526e-02 5.646989567755415773e-02 -1.702783913383519587e-02 1.417854920403515719e-02 -6.625617424354456331e-01 6.287685177062243835e-02 1.843880172405816809e-01 -1.126081544840841636e-01 -4.890130235142628456e-01 2.681551727509063343e-01 -6.962464593183014250e-01 -5.543576409846498465e-03 8.290952181691980949e-02 4.736354091541042019e-03 5.137629141744883832e-01 -8.463163055978775162e+00 -8.081305676222513964e-04 -1.379926839147680231e-03 9.840727205558347235e-02 5.571422672089573584e-03 5.242800350012516430e-01 3.824145339680972561e-02 -7.467631490426096530e-01 1.097635665684566515e-03 1.213507970715386905e-04 -5.840227415337822386e-02 1.222465116090715870e-01 -2.649902757817106796e-02 4.027592222761328777e+00 1.100747372697445398e-04 -1.029394975491231712e+00 1.652433901121269297e-02
3.656266737738297912e-01 3.673140775135984026e-01 -3.656266683391277694e-01 -9.070201101737385141e-01 9.067085854467602513e-01 9.718491319286729491e-01 -9.713855554085301103e-01 -3.593733068329284935e-03 3.560742505495529536e-03 -1.474766354340914867e-03 1.473451327288597887e-03 -5.271244101187729436e-04 4.799905494825543639e-04 -5.494304582764767547e-02 5.471079229880822237e-02 -1.936678016847550587e-01 1.414957438378129373e-01 3.221033179790951106e-02 -1.155352291041903713e-02 6.641989390658630255e-01 -6.634983127949017900e-01 6.473693184457927213e-03 2.715529105527064748e-05 -7.447585049945628635e-04 6.189620002417055820e-05 1.770793096711770372e-04 -1.506153767900301511e-02 1.087774636605819394e-03 1.436969066009329346e-02 -6.498464794816899599e-05 -1.356818577435669462e-03 5.387990875199003601e-04 1.687795041836178365e-03 1.490621614570227260e-05 7.738687222108866191e-04 -2.647643098324533283e-04 -6.580504478835434018e-03 1.883278127695530157e-01 1.573221685226003027e-05 -3.396555032726905708e-05 -1.176346954544067475e-03 1.779941043589672398e-03 7.444978664672992743e-04 4.425571480877975306e-02 -8.615377970604506386e-01 1.201059400273068577e-03 -8.780452586373775942e-06 -3.207201455092120799e-04 -1.382193613017040391e-02 -1.666571598647954876e-04 -1.113396705528359731e-01 4.099607994488798155e-05 -1.305984145973292931e-01 -7.715894687704349247e-03
-3.649144431862174631e-01 -3.665985597532186446e-01 3.649144377505100789e-01 9.066136649654426005e-01 -9.063023535043036594e-01 -9.713855554085301103e-01 9.709222086205416824e-01 3.593128639503335390e-03 -3.560137278644280937e-03 1.473383645516620826e-03 -1.472069124277459746e-03 5.268502844010815008e-04 -4.797276454075746028e-04 5.477763881368794691e-02 -5.454882145105791058e-02 1.923745057014806248e-01 -1.406581206152385799e-01 -3.216608178164654525e-02 1.157494023404466790e-02 -6.637390304913055594e-01 6.630400241854680354e-01 -6.470737242554923906e-03 -2.710319970088636592e-05 7.445537232537787105e-04 -6.187881127889040018e-05 -1.788092735789667607e-04 1.513169652995681805e-02 -1.094927768069558788e-03 -1.436146645537727737e-02 6.503701299787490592e-05 1.355318273258535478e-03 -5.384028074056700997e-04 -1.687349797709067085e-03 -1.490270040157419911e-05 -7.834773289580346202e-04 2.640532594845550868e-04 6.513148652603521424e-03 -1.871747454055933402e-01 -1.561709690827470904e-05 3.410987453578045764e-05 1.163571253425318671e-03 -1.779585465582982518e-03 -8.093969432551667781e-04 -4.423364800974092376e-02 8.611074000345106949e-01 -1.200484242591204212e-03 8.759917108785383763e-06 3.200641514559188824e-04 1.379207784236673867e-02 1.662461572299564515e-04 1.107730253741826543e-01 -4.097838945886945751e-05 1.305334344803076307e-01 7.706321744808690768e-03
1.593998683038241104e+00 1.601350699995409466e+00 -1.593998701102346205e+00 -1.305620026037378256e+00 1.296391688590592395e+00 -3.593733068329284935e-03 3.593128639503335390e-03 1.254980809927306762e+00 -1.244656090769177270e+00 -5.903118760046840441e-01 5.899720243181700852e-01 1.710597640342582659e-01 -1.542354244329375568e-01 -3.818484259183860252e-02 3.738647666068063702e-02 -3.053164232402597045e-01 1.985705251397285320e-01 2.126383429322307311e-02 1.152092292480641446e-03 6.039209411949458817e-01 -5.801519049763143032e-01 -1.219798242700521375e-03 -5.479965167022009254e-02 5.974030201990111755e-02 -1.663524700599030431e-02 -5.027959966677117941e-04 -8.201977674244602043e-03 -9.852538148810519123e-04 1.303762358182813108e-01 -9.651559935588766015e-02 -4.371645097193185281e-01 2.525795216671818944e-01 -6.738049746098728754e-01 -5.390502700679070461e-03 -3.146688137512917093e-04 -1.418551626706161025e-04 -1.725928561718224549e-02 3.110765299244039883e-01 7.282120565938245431e-05 -2.842282772526830837e-06 -2.846816678196497502e-03 1.068531496204722661e-03 -1.231579986297036931e-02 -3.906755767129551922e-05 6.541400402627703262e-04 -3.833353609934579063e-06 -1.055426052699854180e-05 -4.504323406365516591e-02 -4.560750200520018866e-02 -2.100283221967454844e-02 -1.725908172521176953e-01 4.111676710641842987e-05 -6.671268767662245081e-01 -1.330666822376027139e-02
-1.584581957089901572e+00 -1.591890535285015229e+00 1.584581974974520469e+00 1.295007897563529298e+00 -1.285864390058296891e+00 3.560742505495529536e-03 -3.560137278644280937e-03 -1.244656090769177270e+00 1.234436170857407422e+00 5.882014630947520750e-01 -5.878632687204934371e-01 -1.692031291110564772e-01 1.525612434599659950e-01 3.765562354569849252e-02 -3.686882860734260609e-02 3.008745139682153513e-01 -1.957120799360020369e-01 -2.089083998054684990e-02 -1.163291842536148162e-03 -5.970367757765380201e-01 5.735418938853193982e-01 1.274711712695445831e-03 5.478376938651299821e-02 -5.911527640517783011e-02 1.645263160262423405e-02 4.973410182996350218e-04 8.225456675977455348e-03 9.735538992940282908e-04 -1.297613508637924240e-01 9.572833739260049046e-02 4.362388266201491227e-01 -2.517612845868754667e-01 6.664961781578547795e-01 5.332067785679380292e-03 2.977718614464476012e-04 1.399062226519965832e-04 1.701005125941104992e-02 -3.067241683900531202e-01 -7.189384132712900129e-05 2.889131575011692740e-06 2.805495153251628265e-03 -1.047864723844247259e-03 1.215051736258788810e-02 3.943654843357747566e-05 -6.625802920232510282e-04 3.802095554103120495e-06 1.043111745854897939e-05 4.492236492699692302e-02 4.518657102101667628e-02 2.094306076688856946e-02 1.702554150695141655e-01 -4.070773857296451436e-05 6.628692658086313694e-01 1.336453026597920514e-02
-1.670132310801545561e+00 -1.677834819615530826e+00 1.670132315800866296e+00 6.709021518684872287e-01 -6.674421137985203645e-01 -1.474766354340914867e-03 1.473383645516620826e-03 -5.903118760046840441e-01 5.882014630947520750e-01 8.827406574430809449e-01 -8.822409605879130146e-01 -2.808729806051341038e-02 2.535741272062562099e-02 3.039521859888708391e-02 -2.979026275325503265e-02 2.215702913159794396e-01 -1.454745928238090624e-01 1.698813675274514143e-02 -1.451200898459777816e-02 -7.720025354048691557e-02 7.629222215224845671e-02 1.224796967464579847e-02 1.048184103535139411e-01 -6.561568871445245220e-03 2.024418524618568256e-03 6.672660386173377527e-04 -4.002662386402057633e-03 2.544916877391121927e-03 -1.299282084591910358e-01 8.554072408197715971e-02 7.393965191077278565e-01 -2.908466592641673065e-01 1.098395497185702119e-01 8.631604606835089960e-04 9.344320836886005517e-04 1.295295238892106039e-04 1.163250262076407152e-02 -2.060228411106712898e-01 -2.246517089370584256e-05 -2.672158012105279925e-05 2.302992034267816682e-03 1.900856173615676119e-03 1.761895546024931647e-02 -1.450998343748641098e-04 2.869982865230632889e-03 -2.276095424056500939e-06 5.132317163962889770e-06 6.398842303158303046e-02 2.980901721701894463e-02 2.938476867311110713e-02 1.050116443351845619e-01 -1.047517398561134271e-05 5.083780945118394623e-01 4.095005211178649740e-02
1.669203090917988686e+00 1.676901314842478286e+00 -1.669203095918200486e+00 -6.704887280127302951e-01 6.670312177144258614e-01 1.473451327288597887e-03 -1.472069124277459746e-03 5.899720243181700852e-01 -5.878632687204934371e-01 -8.822409605879130146e-01 8.817416260215180657e-01 2.807368193948045834e-02 -2.534504787795656064e-02 -3.039341205620346015e-02 2.978842048395496239e-02 -2.215686767028046122e-01 1.454719563719600872e-01 -1.696906253946044163e-02 1.450359021770547194e-02 7.717309845692597869e-02 -7.626535768311094865e-02 -1.224219291657960458e-02 -1.047746527270043138e-01 6.558907954215069044e-03 -2.023510079468525576e-03 -6.669746856205061979e-04 4.009996080399774558e-03 -2.543957283341941825e-03 1.298652367991708911e-01 -8.547057544342033519e-02 -7.390086275087777157e-01 2.906998000507685087e-01 -1.097881980660034423e-01 -8.627840869214016203e-04 -9.349517580081152064e-04 -1.295199892816454310e-04 -1.163259073541047378e-02 2.060134349932413733e-01 2.246058323264641816e-05 2.673552496356604682e-05 -2.303020346698376412e-03 -1.899336243823517099e-03 -1.761397516325306431e-02 1.450534862129335438e-04 -2.869092619678828386e-03 2.274514521220115109e-06 -5.130617387451553394e-06 -6.395653317500783752e-02 -2.978547131181710772e-02 -2.936951130600436513e-02 -1.050002675491241572e-01 1.046671812765900719e-05 -5.080958773927605199e-01 -4.093155864418844547e-02
4.565903160529233978e-02 4.586971697237770401e-02 -4.565903577813217734e-02 -1.786493982160043958e-01 1.772325985294348760e-01 -5.271244101187729436e-04 5.268502844010815008e-04 1.710597640342582659e-01 -1.692031291110564772e-01 -2.808729806051341038e-02 2.807368193948045834e-02 4.175989375686051802e-02 -3.761096888485372658e-02 1.173867402895550568e-03 -1.140077695242290362e-03 1.037199756641520726e-02 -6.465369192330750608e-03 5.080469450081648818e-03 -2.459608792148594830e-03 1.458508826491775046e-01 -1.396813702473312380e-01 1.334017262718609730e-03 -7.449103347896877210e-04 1.262424474053322650e-02 -3.942368241236564493e-03 5.060813898286030274e-05 -3.741806439270636223e-03 3.786320906476471062e-04 7.613818880798583003e-03 -1.146994431788247309e-02 -1.066780678762085585e-02 1.890704744367157318e-03 -1.655946297915054100e-01 -1.332166474321447216e-03 3.306841543887176107e-04 7.177307648095141794e-06 4.235058331582297088e-04 -4.386810807685298519e-03 5.062627162350310473e-06 -7.083171217683257742e-06 1.458059871388729396e-04 4.408748813205648747e-04 1.993250233065430033e-03 -2.693243194934793192e-05 5.244789280321386464e-04 -6.755721039649028352e-07 -5.798997180202493623e-07 -4.308602869898797011e-04 -2.137318913527440790e-03 -1.831926132241434109e-04 -5.898246108760080587e-04 7.632110548412030592e-06 -5.995346751539050445e-02 3.404791707361449690e-03
-4.015605574765087477e-02 -4.034134524456300247e-02 4.015605948689943139e-02 1.611956411960230595e-01 -1.599181206457863658e-01 4.799905494825543639e-04 -4.797276454075746028e-04 -1.542354244329375568e-01 1.525612434599659950e-01 2.535741272062562099e-02 -2.534504787795656064e-02 -3.761096888485372658e-02 3.387667538780513021e-02 -1.522606597856074459e-03 1.481832647205516594e-03 -1.304831604913089457e-02 8.209536908804319910e-03 -4.534220241663848919e-03 2.315629123106075719e-03 -1.308537066288005257e-01 1.253045357422185591e-01 -1.201529778322168659e-03 6.675276050696830584e-04 -1.146951817286886131e-02 3.550171103445356850e-03 -5.140227858389718226e-05 3.640532727718195742e-03 -3.673859205545055282e-04 -6.860430879750151895e-03 1.037133311444106594e-02 9.610103386091634406e-03 -1.704943975343874239e-03 1.490817303043606434e-01 1.198774648305979537e-03 -3.308893542917080142e-04 -8.407713124049543541e-06 -5.761099606520148552e-04 7.173240520745177012e-03 -4.320489467919045554e-06 6.955491261009222604e-06 -1.695511892090804950e-04 -4.028090135991523068e-04 -2.007752254009292567e-03 2.604233331410300855e-05 -5.080265225419089035e-04 6.234440354409038385e-07 4.794051068430029873e-07 3.917419936432119565e-04 1.898029241477231736e-03 1.659452496326666135e-04 -9.872748995276121268e-04 -6.888796235094030833e-06 5.405929905199335223e-02 -3.068877739345865583e-03
-1.876142285537216736e+01 -1.884801405594976131e+01 1.876142299596005714e+01 -1.173405242023225270e+00 1.175523899217498336e+00 -5.494304582764767547e-02 5.477763881368794691e-02 -3.818484259183860252e-02 3.765562354569849252e-02 3.039521859888708391e-02 -3.039341205620346015e-02 1.173867402895550568e-03 -1.522606597856074459e-03 5.010602510238950202e+00 -4.898963321045060049e+00 4.049402849648119940e+01 -2.604120765836337981e+01 -9.442508806538840727e-01 -8.940497736729626777e-01 -4.521924960763445966e+00 4.479829270606237479e+00 6.930809916139159775e-03 3.411164675188654909e-05 -4.598694314433906388e-03 3.508411248084447316e-04 6.002781873832052639e-02 -2.562576092780034287e+00 2.570320956632612397e-01 -4.043499218001060658e-02 -2.008952543114372966e-03 3.493903485569079675e-02 -7.413608396219103884e-03 1.062752102674298545e-02 1.109901640770078461e-04 3.319363245131400353e-01 2.046642852433369630e-02 2.153938796054387872e+00 -3.588985504735111931e+01 -3.572498189673976518e-03 -5.348711301468203616e-03 4.106600685987051302e-01 2.042244009759136211e-02 2.182932492646532108e+00 -1.844282390205648561e-02 3.648799251508013097e-01 -1.597582785502154701e-04 5.641253376518483862e-04 1.773684052138464404e-02 7.926595162099819847e-01 1.154816131074859475e-02 1.729232426282263901e+01 7.729043510091256129e-05 3.811134394063085684e-02 2.024189988993093658e-01
1.834238978533226572e+01 1.842704698497962212e+01 -1.834238992275803781e+01 1.146543118764348668e+00 -1.148616435119306001e+00 5.471079229880822237e-02 -5.454882145105791058e-02 3.738647666068063702e-02 -3.686882860734260609e-02 -2.979026275325503265e-02 2.978842048395496239e-02 -1.140077695242290362e-03 1.481832647205516594e-03 -4.898963321045060049e+00 4.789826984396717613e+00 -3.958706304136408960e+01 2.545809323799151613e+01 9.228678652669872751e-01 8.740932794738611733e-01 4.420893712914856444e+00 -4.379742144606235676e+00 -6.774143016533546932e-03 -4.017945914708211282e-05 4.507667422327398671e-03 -3.437068063111584581e-04 -5.868454017341660778e-02 2.505129276931889581e+00 -2.512763532051023874e-01 3.954848109619460428e-02 1.948026252959801381e-03 -3.420782205461685155e-02 7.269385553708733114e-03 -1.040746115776320334e-02 -1.087488141865736396e-04 -3.244981177112110649e-01 -2.000961251240059718e-02 -2.105662275795670446e+00 3.508598969827549041e+01 3.492205740403714429e-03 5.228500729985873473e-03 -4.014585616095670551e-01 -1.998670762536841963e-02 -2.134071822643281546e+00 1.805218418677050768e-02 -3.570473662366825396e-01 1.574195513937319210e-04 -5.515086508533060703e-04 -1.734802155234307919e-02 -7.749243495002600124e-01 -1.129327398236966776e-02 -1.690499779525961443e+01 -7.553674009409160539e-05 -3.739487390294270186e-02 -1.978940974137476105e-01
-1.522039701209726843e+02 -1.529064501456522578e+02 1.522039712019802664e+02 -9.589423022557227227e+00 9.606270074604383424e+00 -1.936678016847550587e-01 1.923745057014806248e-01 -3.053164232402597045e-01 3.008745139682153513e-01 2.215702913159794396e-01 -2.215686767028046122e-01 1.037199756641520726e-02 -1.304831604913089457e-02 4.049402849648119940e+01 -3.958706304136408960e+01 3.292763228042680907e+02 -2.116711553914727233e+02 -7.818547914215963068e+00 -7.259886178260543943e+00 -3.672457631179630511e+01 3.638142948941446519e+01 5.596804886884929747e-02 -3.944875284233498314e-03 -3.555190813612912198e-02 2.870370260252018847e-03 4.905913649398261356e-01 -2.088510289489421012e+01 2.086104341488734359e+00 -3.253884369875262861e-01 -1.653673464648429056e-02 2.596379107253886653e-01 -5.103190550124458297e-02 8.443323713048003776e-02 8.514594184226021703e-04 2.703893262915865403e+00 1.656273837234924495e-01 1.752148700339066423e+01 -2.918293869275203747e+02 -2.926708318566230774e-02 -4.318751471963823418e-02 3.336045966809392915e+00 1.528600651612286032e-01 1.776180927115534658e+01 -1.462713864366709249e-01 2.926211451405315245e+00 -9.916061587191471113e-04 4.578950137794560518e-03 1.417804199037938639e-01 6.447690340711718981e+00 9.252464682362347703e-02 1.407011497502162740e+02 6.293037959620575517e-04 2.922105515803596898e-01 1.646732578007344294e+00
9.787422478226974931e+01 9.832595205661485238e+01 -9.787422548294382807e+01 6.150854922276299597e+00 -6.161739039681953578e+00 1.414957438378129373e-01 -1.406581206152385799e-01 1.985705251397285320e-01 -1.957120799360020369e-01 -1.454745928238090624e-01 1.454719563719600872e-01 -6.465369192330750608e-03 8.209536908804319910e-03 -2.604120765836337981e+01 2.545809323799151613e+01 -2.116711553914727233e+02 1.360774814635367136e+02 5.019126220310821118e+00 4.665520406265430964e+00 2.361554352946427215e+01 -2.339505044783656018e+01 -3.598395666246331781e-02 2.016497052684992561e-03 2.323731212050553219e-02 -1.859704087073717812e-03 -3.151330192917739526e-01 1.342020154947134536e+01 -1.340531168801331940e+00 2.097632676584285927e-01 1.048459829211841228e-02 -1.696389836644593696e-01 3.398106524959393360e-02 -5.482684217262190352e-02 -5.549215420714331999e-04 -1.737559449882899898e+00 -1.065276586595860220e-01 -1.126276915979438087e+01 1.875994331020696961e+02 1.879530783392520735e-02 2.779579121872347708e-02 -2.144845100455797127e+00 -9.899913526511855411e-02 -1.141555571232908406e+01 9.461476455344192127e-02 -1.891566057422630065e+00 6.594470516327966339e-04 -2.944251246722519311e-03 -9.148094217634937519e-02 -4.145109608543990909e+00 -5.966110535023552014e-02 -9.044270366241750025e+01 -4.040380616039223856e-04 -1.915814166780786254e-01 -1.059657938664687160e+00
3.610329726128365113e+00 3.626993067002354909e+00 -3.610329738529978183e+00 2.126528702970545692e-01 -2.129083438116437799e-01 3.221033179790951106e-02 -3.216608178164654525e-02 2.126383429322307311e-02 -2.089083998054684990e-02 1.698813675274514143e-02 -1.696906253946044163e-02 5.080469450081648818e-03 -4.534220241663848919e-03 -9.442508806538840727e-01 9.228678652669872751e-01 -7.818547914215963068e+00 5.019126220310821118e+00 5.173580061077283077e-01 4.306169104107607226e-02 8.765844489519858396e-01 -8.672797281983722906e-01 -4.338297502865412253e-04 3.186912712967867982e-03 8.499718228448933238e-03 -6.912640598507953545e-04 -1.195600377940488068e-02 4.943104297405471748e-01 -3.945444156517769613e-02 4.470966855789019340e-03 2.253981460528320293e-03 1.298383884833226309e-02 -6.713508861683045205e-03 -1.908314741762905456e-02 -1.734356378160965102e-04 -6.182551346846790197e-02 -3.837764227464555457e-03 -4.182396665616712195e-01 6.991939735156826430e+00 7.964781110476235569e-04 9.208869820131491751e-04 -7.837089880255196372e-02 2.289810174920055286e-02 -3.506523211600804935e-01 4.823927082340698919e-03 -9.472086642494710607e-02 6.009677270105095271e-05 -1.097037828651089918e-04 -7.245035211891326897e-04 -1.548565942600118595e-01 -8.819366661095728215e-04 -3.415355221472406999e+00 -1.345503292901861974e-05 5.863329290547677521e-03 -4.242245159490000417e-02
3.340429049533176098e+00 3.355846284013221492e+00 -3.340429072255906018e+00 2.184886738274227913e-01 -2.189043688468747251e-01 -1.155352291041903713e-02 1.157494023404466790e-02 1.152092292480641446e-03 -1.163291842536148162e-03 -1.451200898459777816e-02 1.450359021770547194e-02 -2.459608792148594830e-03 2.315629123106075719e-03 -8.940497736729626777e-01 8.740932794738611733e-01 -7.259886178260543943e+00 4.665520406265430964e+00 4.306169104107607226e-02 2.168330936953849208e-01 8.055515657193274004e-01 -7.984572065155681742e-01 -1.631526237655744590e-03 -1.254292890559797514e-03 -2.452491756973331459e-03 1.976184599829722754e-04 -1.104388725362515436e-02 4.653365051531036523e-01 -4.970031772546333604e-02 8.671361913700988827e-03 -5.172190701190261140e-04 -1.390304782281902643e-02 4.557224540088189793e-03 5.264985741223769666e-03 4.560055849244204858e-05 -6.117503253691494031e-02 -3.657727029337893166e-03 -3.854233960478417598e-01 6.407763059077196566e+00 6.160015504591956131e-04 9.553865538431045336e-04 -7.356556753714359187e-02 -1.359008725816683062e-02 -4.258370863050998656e-01 2.528136826468335881e-03 -5.163767833834932014e-02 1.065641595839161491e-06 -9.996020284130572144e-05 -4.289022091602210165e-03 -1.411069536615546516e-01 -2.598111810950134038e-03 -3.079596450609836999e+00 -1.453281375849941671e-05 -1.202710552802725708e-02 -3.561934120426695632e-02
1.618400223016290695e+01 1.625870100372193505e+01 -1.618400235880387328e+01 -1.476607673994738690e-01 1.407521282421171083e-01 6.641989390658630255e-01 -6.637390304913055594e-01 6.039209411949458817e-01 -5.970367757765380201e-01 -7.720025354048691557e-02 7.717309845692597869e-02 1.458508826491775046e-01 -1.308537066288005257e-01 -4.521924960763445966e+00 4.420893712914856444e+00 -3.672457631179630511e+01 2.361554352946427215e+01 8.765844489519858396e-01 8.055515657193274004e-01 5.698156289410389874e+00 -5.602377675270292734e+00 2.184703158942815152e-02 5.839557556930146526e-02 4.203796009269861883e-02 -1.410422785844369503e-02 -5.486791860809116933e-02 2.314319753811885150e+00 -2.314870489254417796e-01 6.461355923399823842e-02 -3.478103978487794706e-02 -2.652547559713304415e-02 -1.092918412132070456e-03 -5.988415373743912751e-01 -4.826915162536618044e-03 -3.009790414241735323e-01 -1.854715928732007801e-02 -1.952221482536239394e+00 3.255001629904128180e+01 3.254687039129651807e-03 4.788881770008874411e-03 -3.717848747091994643e-01 -1.683949264242538130e-02 -1.977199961552404073e+00 4.648660791107601942e-02 -9.190677309834718312e-01 8.997750846039066818e-04 -5.142034127120690247e-04 3.148441984966505319e-02 -7.181726468800198049e-01 9.747274908302213173e-03 -1.570850730059865086e+01 -1.537532805910588274e-05 -3.037137745016574852e-01 1.246498616868904896e-01
-1.608669771957186967e+01 -1.616094717226173927e+01 1.608669784661351443e+01 1.337788828192999768e-01 -1.270812225371432957e-01 -6.634983127949017900e-01 6.630400241854680354e-01 -5.801519049763143032e-01 5.735418938853193982e-01 7.629222215224845671e-02 -7.626535768311094865e-02 -1.396813702473312380e-01 1.253045357422185591e-01 4.479829270606237479e+00 -4.379742144606235676e+00 3.638142948941446519e+01 -2.339505044783656018e+01 -8.672797281983722906e-01 -7.984572065155681742e-01 -5.602377675270292734e+00 5.510112020830647772e+00 -2.049089314938885506e-02 -5.456905604590559650e-02 -4.030555148267810778e-02 1.351888668120128714e-02 5.436743702035475023e-02 -2.292579111390166346e+00 2.293717553590259861e-01 -6.375753965870047113e-02 3.337561896610546225e-02 2.768328073259023955e-02 4.154826294778242533e-04 5.741092089676775867e-01 4.627274899089628933e-03 2.981490253683159453e-01 1.837542775541987569e-02 1.933945240234562712e+00 -3.224571947721512544e+01 -3.223613878647825677e-03 -4.744731782521951179e-03 3.683166540739364336e-01 1.677509342013630556e-02 1.958973480964774305e+00 -4.630813997356235390e-02 9.154965896334191777e-01 -8.981413948304394802e-04 5.094104075561267219e-04 -2.852981189010921070e-02 7.119246816631771280e-01 -8.525903736712645356e-03 1.556161678049519992e+01 1.582637035867704619e-05 2.968381483104804985e-01 -1.067706590133273431e-01
-8.434566439582624753e-02 -8.473474629158989080e-02 8.434566462876327830e-02 -5.796976788870569254e-03 5.780899289492201845e-03 6.473693184457927213e-03 -6.470737242554923906e-03 -1.219798242700521375e-03 1.274711712695445831e-03 1.224796967464579847e-02 -1.224219291657960458e-02 1.334017262718609730e-03 -1.201529778322168659e-03 6.930809916139159775e-03 -6.774143016533546932e-03 5.596804886884929747e-02 -3.598395666246331781e-02 -4.338297502865412253e-04 -1.631526237655744590e-03 2.184703158942815152e-02 -2.049089314938885506e-02 1.057175507064748738e-03 4.969046462728071538e-03 3.851150325116361800e-04 -1.332607840172161744e-04 9.553176029925194567e-05 -3.504357063492575825e-03 4.056440763673829384e-04 -1.776245231699519244e-03 4.818739786367926014e-04 1.128444332472299666e-02 -4.409944998445776421e-03 -5.308798222929876805e-03 -4.265394213156680528e-05 4.484796538949152654e-04 2.794665989819916755e-05 2.995971489591537935e-03 -4.970063953603795492e-02 -4.910421352628984625e-06 -8.017541806485367804e-06 5.760334395676523431e-04 9.688886136232064707e-05 3.265313112571617115e-03 2.793173654713677510e-04 -5.459691570369684666e-03 7.866078450121196359e-06 7.798609637990609145e-07 2.883397199520110286e-03 1.615150071718303047e-03 1.243505435098731567e-03 2.384109081684600284e-02 5.894521700955210281e-07 4.341793829318466372e-03 1.121255487805695832e-02
-3.420949152220241762e-01 -3.436726682091132967e-01 3.420949161942434258e-01 6.109935682233514492e-02 -6.091080439573897526e-02 2.715529105527064748e-05 -2.710319970088636592e-05 -5.479965167022009254e-02 5.478376938651299821e-02 1.048184103535139411e-01 -1.047746527270043138e-01 -7.449103347896877210e-04 6.675276050696830584e-04 3.411164675188654909e-05 -4.017945914708211282e-05 -3.944875284233498314e-03 2.016497052684992561e-03 3.186912712967867982e-03 -1.254292890559797514e-03 5.839557556930146526e-02 -5.456905604590559650e-02 4.969046462728071538e-03 3.525709516138730848e-02 -1.657054718693443051e-05 1.090406450723162500e-06 4.225126193425181445e-05 1.710881676320552113e-03 1.349877128098771369e-04 -1.739587820977498214e-02 5.429423165748912053e-03 9.459150716069222864e-02 -3.733463084197473358e-02 3.040534297333451815e-03 2.537154860368626727e-05 -1.934908148178135826e-04 1.116951470519618282e-06 -2.136731297072312283e-04 2.132627651091489971e-03 2.324625354862100564e-07 -1.079294375082734380e-06 -1.745122390298269838e-05 2.508886050362021838e-04 5.943699987850558286e-04 5.504557090006580365e-06 -1.128913041312659752e-04 4.350565953459641380e-08 2.123266130545175999e-07 1.641113441060009642e-02 3.046202415296234926e-03 7.048544205204969673e-03 -6.376769340680417701e-04 -2.729793215930987945e-07 5.688783909703847008e-02 3.712193834662961406e-02
7.702941664419922507e-02 7.738485611509225703e-02 -7.702941795479993636e-02 -5.692566364872525542e-02 5.646989567755415773e-02 -7.447585049945628635e-04 7.445537232537787105e-04 5.974030201990111755e-02 -5.911527640517783011e-02 -6.561568871445245220e-03 6.558907954215069044e-03 1.262424474053322650e-02 -1.146951817286886131e-02 -4.598694314433906388e-03 4.507667422327398671e-03 -3.555190813612912198e-02 2.323731212050553219e-02 8.499718228448933238e-03 -2.452491756973331459e-03 4.203796009269861883e-02 -4.030555148267810778e-02 3.851150325116361800e-04 -1.657054718693443051e-05 1.047305144100767610e-01 -1.816158228689896022e-03 -2.268345805025221659e-07 -2.039278518374563164e-03 2.227078405855144913e-04 2.312039606911045833e-03 -3.420763738045248890e-03 -1.309784702350408987e-03 3.322757191963659129e-04 -4.723817811484942036e-02 -3.589990456650802610e-04 5.166789232993971448e-05 -1.645398957297565257e-05 -2.018185748629128771e-03 3.795131577141506313e-02 1.069111301099571982e-05 -4.076108013249121688e-06 -3.004100463954702889e-04 6.066459884110205142e-04 1.609283418158588086e-04 -1.692261588917668590e-05 3.174561747429609096e-04 -8.391851528437237770e-07 -1.498425922246100058e-06 -2.136560654664367172e-04 -3.817165517844080085e-03 -8.363179934847429276e-05 -2.219356599127656968e-02 2.449988455345736817e-06 -1.889280822670599824e-02 -4.664361206973754656e-04
-6.910096246528199017e-03 -6.941982828225646239e-03 6.910096662656756844e-03 1.716658707816324722e-02 -1.702783913383519587e-02 6.189620002417055820e-05 -6.187881127889040018e-05 -1.663524700599030431e-02 1.645263160262423405e-02 2.024418524618568256e-03 -2.023510079468525576e-03 -3.942368241236564493e-03 3.550171103445356850e-03 3.508411248084447316e-04 -3.437068063111584581e-04 2.870370260252018847e-03 -1.859704087073717812e-03 -6.912640598507953545e-04 1.976184599829722754e-04 -1.410422785844369503e-02 1.351888668120128714e-02 -1.332607840172161744e-04 1.090406450723162500e-06 -1.816158228689896022e-03 5.323529983092845650e-04 1.881995706131057602e-08 1.826006362709477605e-04 -1.862975045030731833e-05 -7.010199718561818932e-04 1.063040422432669479e-03 4.254531247279702555e-04 -1.065055622520039180e-04 1.564055205351144728e-02 1.265118703604026684e-04 -5.175883071440058993e-06 1.126944789827454323e-06 1.698013755175130769e-04 -3.127417572397868210e-03 -1.004043454837269535e-06 3.364061169854121628e-07 2.381993575958588698e-05 -4.995725884160062208e-05 -1.395388659813072367e-05 1.466319909592333056e-06 -2.757116649580738300e-05 7.015597894162060953e-08 1.262534253148917431e-07 2.431317131921210831e-05 3.551930014555755816e-04 9.217510049408023158e-06 1.833161135087934580e-03 -7.362521796222726570e-07 5.719369989564404566e-03 -2.751672678317161050e-04
-2.259893824268352502e-01 -2.270324042655412489e-01 2.259893833230499915e-01 -1.415121266790646433e-02 1.417854920403515719e-02 1.770793096711770372e-04 -1.788092735789667607e-04 -5.027959966677117941e-04 4.973410182996350218e-04 6.672660386173377527e-04 -6.669746856205061979e-04 5.060813898286030274e-05 -5.140227858389718226e-05 6.002781873832052639e-02 -5.868454017341660778e-02 4.905913649398261356e-01 -3.151330192917739526e-01 -1.195600377940488068e-02 -1.104388725362515436e-02 -5.486791860809116933e-02 5.436743702035475023e-02 9.553176029925194567e-05 4.225126193425181445e-05 -2.268345805025221659e-07 1.881995706131057602e-08 8.564839454947189819e-04 -3.162949777084833602e-02 3.112846491323346433e-03 -5.538770013356257658e-04 1.826651453309366705e-05 6.550430553077156654e-04 -1.973162335176904065e-04 1.406520783576749165e-05 2.598837169829972483e-07 4.128921165172521300e-03 2.451573749929770703e-04 2.606709726902678090e-02 -4.343054299721933464e-01 -4.401340568245706950e-05 -6.147700283257951574e-05 4.948163154872916789e-03 1.974100929270916356e-04 2.673539950091839007e-02 -1.990525185952022810e-04 4.006499396733720700e-03 -8.841397334184589049e-07 6.768809641614862091e-06 2.554002736397819229e-04 9.574097510627332247e-03 1.565865622164435474e-04 2.100801967622575595e-01 9.433037369543609513e-07 7.225200712324049987e-04 2.499072250355213309e-03
9.510807748678329787e+00 9.554704019607276777e+00 -9.510807808984186096e+00 6.617389942812123005e-01 -6.625617424354456331e-01 -1.506153767900301511e-02 1.513169652995681805e-02 -8.201977674244602043e-03 8.225456675977455348e-03 -4.002662386402057633e-03 4.009996080399774558e-03 -3.741806439270636223e-03 3.640532727718195742e-03 -2.562576092780034287e+00 2.505129276931889581e+00 -2.088510289489421012e+01 1.342020154947134536e+01 4.943104297405471748e-01 4.653365051531036523e-01 2.314319753811885150e+00 -2.292579111390166346e+00 -3.504357063492575825e-03 1.710881676320552113e-03 -2.039278518374563164e-03 1.826006362709477605e-04 -3.162949777084833602e-02 1.338164060380334641e+00 -1.327708943517993956e-01 1.824399923193741058e-02 3.618099948193226247e-03 -1.034878747911730304e-02 -5.338213305365259627e-04 4.490439030109509219e-03 3.051556773739774197e-05 -1.727401521719008348e-01 -1.047309335978031941e-02 -1.111230052797537393e+00 1.849756719296170004e+01 1.855777274917431562e-03 2.713490732507399181e-03 -2.113910600651003058e-01 -9.727870336958155395e-03 -1.131235051519789980e+00 8.136381701562086025e-03 -1.641518421976883302e-01 2.814225305631588470e-05 -2.881350996397461796e-04 -7.675009568834182880e-03 -4.032410277775704821e-01 -5.233545302453017529e-03 -8.920327329281203532e+00 -4.205942272253804302e-05 -2.147328084667851286e-03 -9.970050829215046373e-02
-9.614476046769407924e-01 -9.658850463365615813e-01 9.614476118463733956e-01 -6.276908236661432605e-02 6.287685177062243835e-02 1.087774636605819394e-03 -1.094927768069558788e-03 -9.852538148810519123e-04 9.735538992940282908e-04 2.544916877391121927e-03 -2.543957283341941825e-03 3.786320906476471062e-04 -3.673859205545055282e-04 2.570320956632612397e-01 -2.512763532051023874e-01 2.086104341488734359e+00 -1.340531168801331940e+00 -3.945444156517769613e-02 -4.970031772546333604e-02 -2.314870489254417796e-01 2.293717553590259861e-01 4.056440763673829384e-04 1.349877128098771369e-04 2.227078405855144913e-04 -1.862975045030731833e-05 3.112846491323346433e-03 -1.327708943517993956e-01 1.561705076650859829e-02 -2.213299077895011357e-03 -3.516641071678192282e-05 2.663824212758088891e-03 -7.348362273864151402e-04 -4.675860899474180900e-04 -3.533831319779870169e-06 1.735601237483345646e-02 1.052250601970265102e-03 1.109623495258444947e-01 -1.845427127759570407e+00 -1.800490003400597914e-04 -2.788885367267861476e-04 2.117989968667325154e-02 1.782540056965321125e-03 1.145558498663368369e-01 -8.254525423956059248e-04 1.664331599842909168e-02 -3.304464110075985543e-06 2.890310944695306797e-05 1.026227053673904079e-03 4.062714001159603572e-02 6.508445292261983784e-04 8.869960573294708439e-01 4.121081945158137096e-06 2.272301371721790510e-03 9.030846229742159684e-03
4.646547324702693382e-01 4.667981899430664883e-01 -4.646547343825660481e-01 -1.854010730108481553e-01 1.843880172405816809e-01 1.436969066009329346e-02 -1.436146645537727737e-02 1.303762358182813108e-01 -1.297613508637924240e-01 -1.299282084591910358e-01 1.298652367991708911e-01 7.613818880798583003e-03 -6.860430879750151895e-03 -4.043499218001060658e-02 3.954848109619460428e-02 -3.253884369875262861e-01 2.097632676584285927e-01 4.470966855789019340e-03 8.671361913700988827e-03 6.461355923399823842e-02 -6.375753965870047113e-02 -1.776245231699519244e-03 -1.739587820977498214e-02 2.312039606911045833e-03 -7.010199718561818932e-04 -5.538770013356257658e-04 1.824399923193741058e-02 -2.213299077895011357e-03 5.766187617559977857e-02 -1.067209064164836331e-02 -1.115757066657405705e-01 5.556190735854903140e-02 -3.021844582940552693e-02 -2.411586882076784241e-04 -2.486475011498482431e-03 -1.671387435712943246e-04 -1.724792010304904491e-02 2.905371730062599744e-01 3.019349064723099468e-05 4.000191176312064314e-05 -3.285093226006863612e-03 -4.131813624555358408e-04 -1.843141156218693760e-02 8.092530773622659112e-04 -1.591047092976366137e-02 1.843558891616167505e-05 -5.051167952119526323e-06 -1.318244617589250933e-02 -1.129036760066123163e-02 -5.928635822002550904e-03 -1.419032684984170289e-01 4.458901184864225014e-06 -2.171862293798065557e-01 -9.395998406616576371e-03
